Inference for Stan model: randomwalk_kalman_model
1 chains: each with iter=(100000); warmup=(0); thin=(1); 100000 iterations saved.

Warmup took (2.1) seconds, 2.1 seconds total
Sampling took (523) seconds, 8.7 minutes total

                    Mean     MCSE   StdDev        5%       50%    95%    N_Eff  N_Eff/s    R_hat
lp__           -9.2e+001 9.9e-003 1.3e+000 -9.5e+001 -9.2e+001    -91 1.7e+004 3.3e+001 1.0e+000
accept_stat__   8.6e-001 5.5e-004 1.7e-001  4.9e-001  9.4e-001    1.0 9.9e+004 1.9e+002 1.0e+000
stepsize__      6.5e-001 3.0e-013 2.1e-013  6.5e-001  6.5e-001   0.65 5.0e-001 9.6e-004 1.0e+000
treedepth__     1.4e+000 1.8e-003 5.0e-001  1.0e+000  1.0e+000    2.0 7.5e+004 1.4e+002 1.0e+000
n_leapfrog__    3.3e+000 5.6e-003 1.4e+000  1.0e+000  3.0e+000    5.0 6.0e+004 1.1e+002 1.0e+000
divergent__     0.0e+000 0.0e+000 0.0e+000  0.0e+000  0.0e+000   0.00 1.0e+005 1.9e+002-1.$e+000
energy__        9.3e+001 1.2e-002 1.6e+000  9.1e+001  9.3e+001     96 2.0e+004 3.8e+001 1.0e+000
sigma_z         4.3e-001 8.0e-004 1.5e-001  1.8e-001  4.3e-001   0.67 3.4e+004 6.5e+001 1.0e+000
sqrtQ           7.5e-002 2.6e-004 5.4e-002  8.4e-003  6.5e-002   0.18 4.3e+004 8.3e+001 1.0e+000
m[1]            8.6e-001 1.4e-004 3.1e-002  8.0e-001  8.6e-001   0.90 4.9e+004 9.4e+001 1.0e+000
m[2]            2.4e-001 2.4e-004 4.7e-002  1.6e-001  2.4e-001   0.32 3.9e+004 7.4e+001 1.0e+000
m[3]            1.1e-001 1.9e-004 3.9e-002  4.2e-002  1.0e-001   0.17 4.2e+004 8.0e+001 1.0e+000
m[4]            2.7e-003 1.3e-004 2.7e-002 -4.1e-002  4.0e-003  0.043 4.3e+004 8.2e+001 1.0e+000
m[5]           -2.4e-001 1.9e-004 5.0e-002 -3.3e-001 -2.3e-001  -0.20 6.8e+004 1.3e+002 1.0e+000
m[6]            4.1e-001 4.2e-004 8.7e-002  3.1e-001  4.0e-001   0.57 4.2e+004 8.1e+001 1.0e+000
m[7]            4.1e-001 3.0e-004 6.1e-002  3.3e-001  4.0e-001   0.52 4.2e+004 8.0e+001 1.0e+000
m[8]            3.3e-001 2.8e-004 5.6e-002  2.4e-001  3.3e-001   0.42 4.0e+004 7.6e+001 1.0e+000
m[9]            4.8e-001 3.7e-004 7.5e-002  3.8e-001  4.7e-001   0.62 4.1e+004 7.9e+001 1.0e+000
m[10]           5.0e-001 3.6e-004 7.4e-002  4.0e-001  4.9e-001   0.65 4.2e+004 8.0e+001 1.0e+000
m[11]           5.0e-001 2.7e-004 5.4e-002  4.2e-001  4.9e-001   0.60 4.1e+004 7.9e+001 1.0e+000
m[12]           4.7e-001 2.5e-004 5.0e-002  3.9e-001  4.7e-001   0.55 4.1e+004 7.8e+001 1.0e+000
m[13]           4.6e-001 2.3e-004 4.7e-002  3.8e-001  4.6e-001   0.54 4.1e+004 7.8e+001 1.0e+000
m[14]           3.9e-001 2.3e-004 5.3e-002  3.0e-001  3.9e-001   0.47 5.3e+004 1.0e+002 1.0e+000
m[15]           5.0e-001 3.3e-004 6.5e-002  4.0e-001  5.0e-001   0.62 4.0e+004 7.6e+001 1.0e+000
m[16]           4.9e-001 3.1e-004 6.2e-002  3.9e-001  4.8e-001   0.59 4.0e+004 7.6e+001 1.0e+000
m[17]           5.0e-001 3.1e-004 6.2e-002  4.1e-001  5.0e-001   0.61 4.0e+004 7.6e+001 1.0e+000
m[18]           5.5e-001 3.7e-004 7.6e-002  4.4e-001  5.3e-001   0.69 4.2e+004 8.0e+001 1.0e+000
m[19]           6.7e-001 5.5e-004 1.1e-001  5.3e-001  6.4e-001   0.89 4.2e+004 8.0e+001 1.0e+000
m[20]           7.1e-001 5.4e-004 1.1e-001  5.7e-001  6.9e-001   0.92 4.0e+004 7.7e+001 1.0e+000
m[21]           7.3e-001 5.7e-004 1.2e-001  5.9e-001  7.1e-001   0.96 4.1e+004 7.8e+001 1.0e+000
m[22]           5.3e-001 1.3e-004 3.4e-002  4.7e-001  5.3e-001   0.56 7.0e+004 1.3e+002 1.0e+000
m[23]           5.6e-001 1.3e-004 2.9e-002  5.1e-001  5.7e-001   0.59 4.5e+004 8.6e+001 1.0e+000
m[24]           6.2e-001 2.3e-004 4.6e-002  5.5e-001  6.1e-001   0.69 3.9e+004 7.4e+001 1.0e+000
m[25]           6.6e-001 3.4e-004 7.1e-002  5.7e-001  6.5e-001   0.79 4.3e+004 8.2e+001 1.0e+000
m[26]           7.2e-001 4.3e-004 8.7e-002  6.1e-001  7.1e-001   0.88 4.0e+004 7.7e+001 1.0e+000
m[27]           6.8e-001 3.2e-004 6.1e-002  5.9e-001  6.7e-001   0.78 3.7e+004 7.0e+001 1.0e+000
m[28]           6.2e-001 1.9e-004 3.4e-002  5.6e-001  6.3e-001   0.67 3.3e+004 6.2e+001 1.0e+000
m[29]           5.8e-001 1.4e-004 3.3e-002  5.3e-001  5.9e-001   0.62 5.5e+004 1.1e+002 1.0e+000
m[30]           6.7e-001 3.0e-004 5.6e-002  5.8e-001  6.7e-001   0.76 3.4e+004 6.5e+001 1.0e+000
m[31]           6.6e-001 2.9e-004 5.3e-002  5.8e-001  6.6e-001   0.75 3.3e+004 6.4e+001 1.0e+000
m[32]           7.3e-001 4.5e-004 8.9e-002  6.1e-001  7.2e-001   0.89 3.9e+004 7.4e+001 1.0e+000
m[33]           6.6e-001 2.6e-004 4.6e-002  5.9e-001  6.6e-001   0.73 3.2e+004 6.1e+001 1.0e+000
m[34]           6.4e-001 2.1e-004 3.8e-002  5.8e-001  6.5e-001   0.70 3.2e+004 6.0e+001 1.0e+000
m[35]           6.6e-001 2.4e-004 4.2e-002  5.9e-001  6.6e-001   0.72 3.1e+004 6.0e+001 1.0e+000
m[36]           7.1e-001 3.6e-004 6.9e-002  6.1e-001  7.0e-001   0.82 3.6e+004 6.9e+001 1.0e+000
m[37]           7.1e-001 3.6e-004 6.7e-002  6.1e-001  7.0e-001   0.82 3.5e+004 6.7e+001 1.0e+000
m[38]           7.1e-001 3.5e-004 6.4e-002  6.1e-001  7.1e-001   0.81 3.4e+004 6.6e+001 1.0e+000
m[39]           7.5e-001 4.3e-004 7.8e-002  6.3e-001  7.5e-001   0.88 3.4e+004 6.5e+001 1.0e+000
m[40]           7.8e-001 4.4e-004 7.9e-002  6.5e-001  7.8e-001   0.90 3.3e+004 6.2e+001 1.0e+000
m[41]           7.2e-001 3.1e-004 5.4e-002  6.3e-001  7.3e-001   0.80 3.0e+004 5.7e+001 1.0e+000
m[42]           7.4e-001 3.2e-004 5.5e-002  6.5e-001  7.5e-001   0.82 3.0e+004 5.6e+001 1.0e+000
m[43]           8.4e-001 5.4e-004 9.8e-002  6.9e-001  8.4e-001   1.00 3.3e+004 6.2e+001 1.0e+000
m[44]           8.5e-001 5.4e-004 9.8e-002  6.9e-001  8.5e-001    1.0 3.2e+004 6.2e+001 1.0e+000
m[45]           8.7e-001 6.1e-004 1.1e-001  7.0e-001  8.7e-001    1.1 3.4e+004 6.4e+001 1.0e+000
m[46]           8.5e-001 5.5e-004 9.7e-002  7.0e-001  8.6e-001    1.0 3.2e+004 6.1e+001 1.0e+000
m[47]           9.0e-001 6.3e-004 1.1e-001  7.3e-001  9.1e-001    1.1 3.2e+004 6.1e+001 1.0e+000
m[48]           8.8e-001 5.8e-004 1.0e-001  7.2e-001  8.9e-001    1.0 3.1e+004 5.9e+001 1.0e+000
m[49]           9.0e-001 6.2e-004 1.1e-001  7.3e-001  9.1e-001    1.1 3.2e+004 6.0e+001 1.0e+000
m[50]           9.5e-001 7.4e-004 1.4e-001  7.4e-001  9.5e-001    1.2 3.4e+004 6.5e+001 1.0e+000
m[51]           9.0e-001 5.9e-004 1.0e-001  7.3e-001  9.1e-001    1.1 3.0e+004 5.8e+001 1.0e+000
m[52]           9.5e-001 7.3e-004 1.3e-001  7.5e-001  9.6e-001    1.2 3.3e+004 6.3e+001 1.0e+000
m[53]           1.1e+000 1.0e-003 1.8e-001  7.9e-001  1.1e+000    1.4 3.3e+004 6.4e+001 1.0e+000
m[54]           9.9e-001 6.9e-004 1.2e-001  7.9e-001  1.0e+000    1.1 2.9e+004 5.5e+001 1.0e+000
m[55]           9.5e-001 5.7e-004 9.3e-002  7.8e-001  9.7e-001    1.1 2.7e+004 5.1e+001 1.0e+000
m[56]           1.0e+000 7.8e-004 1.3e-001  8.1e-001  1.1e+000    1.2 2.9e+004 5.6e+001 1.0e+000
m[57]           1.0e+000 7.4e-004 1.2e-001  8.1e-001  1.0e+000    1.2 2.8e+004 5.4e+001 1.0e+000
m[58]           1.0e+000 6.1e-004 1.0e-001  8.1e-001  1.0e+000    1.1 2.6e+004 5.0e+001 1.0e+000
m[59]           8.9e-001 3.3e-004 5.4e-002  7.9e-001  9.1e-001   0.95 2.7e+004 5.1e+001 1.0e+000
m[60]           8.6e-001 2.8e-004 5.4e-002  7.6e-001  8.7e-001   0.92 3.8e+004 7.2e+001 1.0e+000
m[61]           8.7e-001 2.8e-004 4.9e-002  7.8e-001  8.9e-001   0.93 3.0e+004 5.8e+001 1.0e+000
m[62]           8.7e-001 2.7e-004 4.9e-002  7.7e-001  8.8e-001   0.92 3.2e+004 6.1e+001 1.0e+000
m[63]           9.2e-001 3.7e-004 5.6e-002  8.0e-001  9.4e-001   0.98 2.4e+004 4.5e+001 1.0e+000
m[64]           8.3e-001 1.9e-004 3.9e-002  7.6e-001  8.5e-001   0.88 4.2e+004 8.0e+001 1.0e+000
m[65]           9.1e-001 3.1e-004 4.8e-002  8.0e-001  9.3e-001   0.96 2.4e+004 4.5e+001 1.0e+000
m[66]           8.9e-001 2.6e-004 3.9e-002  8.0e-001  9.0e-001   0.92 2.3e+004 4.4e+001 1.0e+000
m[67]           9.7e-001 5.0e-004 8.9e-002  8.2e-001  9.8e-001    1.1 3.2e+004 6.1e+001 1.0e+000
m[68]           1.0e+000 6.4e-004 1.2e-001  8.3e-001  1.0e+000    1.2 3.5e+004 6.7e+001 1.0e+000
m[69]           1.1e+000 7.3e-004 1.3e-001  8.5e-001  1.1e+000    1.3 3.2e+004 6.1e+001 1.0e+000
m[70]           1.1e+000 6.9e-004 1.2e-001  8.5e-001  1.1e+000    1.2 3.1e+004 5.9e+001 1.0e+000
m[71]           1.0e+000 6.0e-004 1.0e-001  8.4e-001  1.0e+000    1.2 2.8e+004 5.4e+001 1.0e+000
m[72]           1.0e+000 4.9e-004 7.8e-002  8.4e-001  1.0e+000    1.1 2.5e+004 4.8e+001 1.0e+000
m[73]           1.0e+000 5.2e-004 8.3e-002  8.4e-001  1.0e+000    1.1 2.6e+004 4.9e+001 1.0e+000
m[74]           9.1e-001 2.8e-004 4.5e-002  8.2e-001  9.3e-001   0.96 2.6e+004 5.0e+001 1.0e+000
m[75]           9.5e-001 3.4e-004 5.1e-002  8.4e-001  9.7e-001    1.0 2.3e+004 4.3e+001 1.0e+000
m[76]           9.1e-001 2.6e-004 4.3e-002  8.2e-001  9.3e-001   0.95 2.7e+004 5.2e+001 1.0e+000
m[77]           9.2e-001 2.8e-004 4.3e-002  8.3e-001  9.4e-001   0.97 2.4e+004 4.6e+001 1.0e+000
m[78]           1.2e+000 1.1e-003 2.0e-001  8.9e-001  1.2e+000    1.6 3.3e+004 6.3e+001 1.0e+000
m[79]           1.1e+000 6.3e-004 1.0e-001  8.8e-001  1.1e+000    1.2 2.6e+004 4.9e+001 1.0e+000
m[80]           1.1e+000 7.1e-004 1.2e-001  8.8e-001  1.1e+000    1.3 2.7e+004 5.2e+001 1.0e+000
m[81]           1.1e+000 6.7e-004 1.1e-001  8.8e-001  1.1e+000    1.2 2.6e+004 5.0e+001 1.0e+000
m[82]           1.1e+000 8.2e-004 1.4e-001  8.9e-001  1.2e+000    1.4 2.9e+004 5.6e+001 1.0e+000
m[83]           1.2e+000 8.5e-004 1.4e-001  9.1e-001  1.2e+000    1.4 2.8e+004 5.3e+001 1.0e+000
m[84]           1.2e+000 9.4e-004 1.6e-001  9.2e-001  1.2e+000    1.4 2.9e+004 5.5e+001 1.0e+000
m[85]           1.2e+000 8.3e-004 1.4e-001  9.1e-001  1.2e+000    1.4 2.7e+004 5.1e+001 1.0e+000
m[86]           1.2e+000 8.4e-004 1.4e-001  9.1e-001  1.2e+000    1.4 2.7e+004 5.1e+001 1.0e+000
m[87]           1.3e+000 1.0e-003 1.7e-001  9.4e-001  1.3e+000    1.5 2.8e+004 5.3e+001 1.0e+000
m[88]           1.1e+000 4.4e-004 6.7e-002  9.0e-001  1.1e+000    1.1 2.3e+004 4.5e+001 1.0e+000
m[89]           9.5e-001 3.4e-004 8.0e-002  8.0e-001  9.7e-001    1.0 5.6e+004 1.1e+002 1.0e+000
m[90]           8.5e-001 4.9e-004 1.3e-001  5.8e-001  8.9e-001   0.95 7.1e+004 1.4e+002 1.0e+000
m[91]           7.0e-001 8.7e-004 2.2e-001  2.6e-001  7.9e-001   0.89 6.3e+004 1.2e+002 1.0e+000
m[92]           6.7e-001 8.2e-004 1.9e-001  2.8e-001  7.3e-001   0.85 5.2e+004 9.9e+001 1.0e+000
m[93]           6.6e-001 7.3e-004 1.6e-001  3.5e-001  7.0e-001   0.83 4.6e+004 8.9e+001 1.0e+000
m[94]           7.2e-001 5.4e-004 1.2e-001  4.9e-001  7.5e-001   0.85 4.7e+004 8.9e+001 1.0e+000
m[95]           7.1e-001 5.5e-004 1.2e-001  4.8e-001  7.4e-001   0.84 4.6e+004 8.7e+001 1.0e+000
m[96]           7.2e-001 5.2e-004 1.1e-001  5.1e-001  7.4e-001   0.84 4.5e+004 8.7e+001 1.0e+000
m[97]           7.2e-001 4.5e-004 9.1e-002  5.7e-001  7.3e-001   0.84 4.1e+004 7.9e+001 1.0e+000
m[98]           7.5e-001 3.6e-004 7.3e-002  6.3e-001  7.5e-001   0.84 4.0e+004 7.7e+001 1.0e+000
m[99]           7.5e-001 3.4e-004 6.9e-002  6.4e-001  7.6e-001   0.84 4.0e+004 7.7e+001 1.0e+000
m[100]          7.5e-001 3.5e-004 6.9e-002  6.4e-001  7.6e-001   0.84 4.0e+004 7.7e+001 1.0e+000
P[1]            7.1e-001 4.7e-005 1.0e-002  7.0e-001  7.1e-001   0.73 4.9e+004 9.4e+001 1.0e+000
P[2]            2.7e-001 2.2e-004 4.7e-002  2.0e-001  2.7e-001   0.36 4.5e+004 8.6e+001 1.0e+000
P[3]            1.7e-001 1.7e-004 3.7e-002  1.2e-001  1.7e-001   0.24 4.9e+004 9.4e+001 1.0e+000
P[4]            1.7e-001 1.5e-004 3.5e-002  1.2e-001  1.7e-001   0.23 5.5e+004 1.1e+002 1.0e+000
P[5]            1.7e-001 1.5e-004 3.6e-002  1.2e-001  1.6e-001   0.23 6.2e+004 1.2e+002 1.0e+000
P[6]            1.2e-001 1.2e-004 2.9e-002  8.6e-002  1.2e-001   0.18 5.7e+004 1.1e+002 1.0e+000
P[7]            1.0e-001 1.1e-004 2.5e-002  6.8e-002  9.9e-002   0.15 5.8e+004 1.1e+002 1.0e+000
P[8]            1.1e-001 1.2e-004 3.1e-002  6.8e-002  1.0e-001   0.16 6.6e+004 1.3e+002 1.0e+000
P[9]            9.0e-002 1.1e-004 2.6e-002  5.7e-002  8.5e-002   0.14 6.1e+004 1.2e+002 1.0e+000
P[10]           9.4e-002 1.3e-004 3.3e-002  5.7e-002  8.7e-002   0.16 6.6e+004 1.3e+002 1.0e+000
P[11]           8.2e-002 1.1e-004 2.7e-002  5.0e-002  7.6e-002   0.13 6.0e+004 1.1e+002 1.0e+000
P[12]           8.9e-002 1.5e-004 3.7e-002  5.0e-002  8.0e-002   0.16 6.4e+004 1.2e+002 1.0e+000
P[13]           9.3e-002 1.7e-004 4.4e-002  5.0e-002  8.1e-002   0.18 6.4e+004 1.2e+002 1.0e+000
P[14]           1.0e-001 2.1e-004 5.3e-002  5.1e-002  8.4e-002   0.20 6.5e+004 1.2e+002 1.0e+000
P[15]           8.3e-002 1.5e-004 3.5e-002  4.4e-002  7.4e-002   0.15 5.6e+004 1.1e+002 1.0e+000
P[16]           9.0e-002 1.8e-004 4.5e-002  4.5e-002  7.7e-002   0.18 6.1e+004 1.2e+002 1.0e+000
P[17]           9.4e-002 2.1e-004 5.1e-002  4.5e-002  7.9e-002   0.19 6.1e+004 1.2e+002 1.0e+000
P[18]           1.0e-001 2.4e-004 6.0e-002  4.5e-002  8.2e-002   0.22 6.1e+004 1.2e+002 1.0e+000
P[19]           8.2e-002 1.7e-004 3.9e-002  4.0e-002  7.2e-002   0.16 5.3e+004 1.0e+002 1.0e+000
P[20]           7.3e-002 1.4e-004 3.2e-002  3.6e-002  6.5e-002   0.13 5.1e+004 9.8e+001 1.0e+000
P[21]           8.0e-002 1.8e-004 4.2e-002  3.7e-002  6.9e-002   0.16 5.5e+004 1.0e+002 1.0e+000
P[22]           7.1e-002 1.5e-004 3.3e-002  3.4e-002  6.3e-002   0.14 5.2e+004 9.9e+001 1.0e+000
P[23]           7.6e-002 1.8e-004 4.1e-002  3.4e-002  6.5e-002   0.16 5.4e+004 1.0e+002 1.0e+000
P[24]           8.3e-002 2.2e-004 5.1e-002  3.4e-002  6.9e-002   0.18 5.6e+004 1.1e+002 1.0e+000
P[25]           9.0e-002 2.5e-004 6.1e-002  3.4e-002  7.2e-002   0.21 5.9e+004 1.1e+002 1.0e+000
P[26]           7.5e-002 1.8e-004 4.0e-002  3.2e-002  6.5e-002   0.15 5.1e+004 9.7e+001 1.0e+000
P[27]           8.0e-002 2.1e-004 4.7e-002  3.1e-002  6.7e-002   0.17 5.3e+004 1.0e+002 1.0e+000
P[28]           8.4e-002 2.3e-004 5.3e-002  3.1e-002  7.0e-002   0.19 5.4e+004 1.0e+002 1.0e+000
P[29]           9.1e-002 2.7e-004 6.2e-002  3.1e-002  7.3e-002   0.21 5.5e+004 1.1e+002 1.0e+000
P[30]           7.6e-002 1.9e-004 4.2e-002  2.9e-002  6.6e-002   0.16 4.9e+004 9.3e+001 1.0e+000
P[31]           8.3e-002 2.3e-004 5.1e-002  2.9e-002  6.9e-002   0.18 5.2e+004 9.9e+001 1.0e+000
P[32]           8.7e-002 2.5e-004 5.7e-002  2.9e-002  7.1e-002   0.20 5.3e+004 1.0e+002 1.0e+000
P[33]           9.0e-002 2.6e-004 6.1e-002  2.9e-002  7.3e-002   0.21 5.3e+004 1.0e+002 1.0e+000
P[34]           9.3e-002 2.8e-004 6.4e-002  2.9e-002  7.5e-002   0.22 5.3e+004 1.0e+002 1.0e+000
P[35]           9.6e-002 2.9e-004 6.7e-002  2.9e-002  7.7e-002   0.23 5.2e+004 1.0e+002 1.0e+000
P[36]           1.0e-001 3.3e-004 7.5e-002  2.9e-002  8.0e-002   0.25 5.3e+004 1.0e+002 1.0e+000
P[37]           1.0e-001 3.3e-004 7.5e-002  2.9e-002  8.2e-002   0.25 5.2e+004 1.0e+002 1.0e+000
P[38]           1.0e-001 3.3e-004 7.6e-002  2.9e-002  8.3e-002   0.25 5.2e+004 9.9e+001 1.0e+000
P[39]           8.2e-002 2.2e-004 4.7e-002  2.7e-002  7.2e-002   0.17 4.5e+004 8.6e+001 1.0e+000
P[40]           7.1e-002 1.8e-004 3.7e-002  2.5e-002  6.5e-002   0.14 4.3e+004 8.3e+001 1.0e+000
P[41]           7.7e-002 2.1e-004 4.5e-002  2.5e-002  6.7e-002   0.16 4.7e+004 9.0e+001 1.0e+000
P[42]           6.8e-002 1.7e-004 3.6e-002  2.4e-002  6.1e-002   0.14 4.4e+004 8.5e+001 1.0e+000
P[43]           6.2e-002 1.5e-004 3.2e-002  2.3e-002  5.7e-002   0.12 4.4e+004 8.4e+001 1.0e+000
P[44]           6.8e-002 1.8e-004 4.0e-002  2.3e-002  6.0e-002   0.14 4.8e+004 9.2e+001 1.0e+000
P[45]           7.6e-002 2.2e-004 5.1e-002  2.3e-002  6.4e-002   0.17 5.1e+004 9.8e+001 1.0e+000
P[46]           8.0e-002 2.5e-004 5.6e-002  2.3e-002  6.6e-002   0.19 5.2e+004 9.9e+001 1.0e+000
P[47]           6.9e-002 1.9e-004 4.0e-002  2.2e-002  6.0e-002   0.15 4.6e+004 8.8e+001 1.0e+000
P[48]           7.6e-002 2.3e-004 5.0e-002  2.2e-002  6.4e-002   0.17 5.0e+004 9.5e+001 1.0e+000
P[49]           8.3e-002 2.6e-004 6.0e-002  2.2e-002  6.8e-002   0.20 5.2e+004 9.9e+001 1.0e+000
P[50]           8.6e-002 2.8e-004 6.4e-002  2.2e-002  7.0e-002   0.21 5.2e+004 9.9e+001 1.0e+000
P[51]           8.9e-002 2.9e-004 6.7e-002  2.2e-002  7.2e-002   0.22 5.1e+004 9.8e+001 1.0e+000
P[52]           9.2e-002 3.1e-004 6.9e-002  2.2e-002  7.4e-002   0.23 5.1e+004 9.8e+001 1.0e+000
P[53]           7.5e-002 2.2e-004 4.6e-002  2.1e-002  6.6e-002   0.16 4.5e+004 8.5e+001 1.0e+000
P[54]           6.6e-002 1.8e-004 3.7e-002  2.0e-002  6.0e-002   0.14 4.3e+004 8.2e+001 1.0e+000
P[55]           7.2e-002 2.1e-004 4.5e-002  2.0e-002  6.3e-002   0.16 4.6e+004 8.8e+001 1.0e+000
P[56]           6.4e-002 1.8e-004 3.7e-002  1.9e-002  5.8e-002   0.13 4.3e+004 8.3e+001 1.0e+000
P[57]           7.2e-002 2.1e-004 4.7e-002  1.9e-002  6.2e-002   0.16 4.8e+004 9.1e+001 1.0e+000
P[58]           6.4e-002 1.8e-004 3.7e-002  1.8e-002  5.7e-002   0.13 4.4e+004 8.4e+001 1.0e+000
P[59]           5.9e-002 1.6e-004 3.3e-002  1.8e-002  5.4e-002   0.12 4.3e+004 8.2e+001 1.0e+000
P[60]           6.5e-002 1.9e-004 4.2e-002  1.8e-002  5.7e-002   0.14 4.7e+004 9.0e+001 1.0e+000
P[61]           7.1e-002 2.2e-004 4.9e-002  1.8e-002  6.0e-002   0.16 4.9e+004 9.4e+001 1.0e+000
P[62]           7.8e-002 2.6e-004 5.9e-002  1.8e-002  6.4e-002   0.19 5.2e+004 9.9e+001 1.0e+000
P[63]           6.7e-002 2.0e-004 4.2e-002  1.7e-002  5.8e-002   0.15 4.5e+004 8.6e+001 1.0e+000
P[64]           6.1e-002 1.7e-004 3.6e-002  1.7e-002  5.5e-002   0.13 4.3e+004 8.3e+001 1.0e+000
P[65]           6.7e-002 2.0e-004 4.4e-002  1.7e-002  5.8e-002   0.15 4.7e+004 8.9e+001 1.0e+000
P[66]           7.4e-002 2.4e-004 5.4e-002  1.7e-002  6.2e-002   0.18 5.0e+004 9.6e+001 1.0e+000
P[67]           8.1e-002 2.8e-004 6.3e-002  1.7e-002  6.5e-002   0.20 5.2e+004 9.9e+001 1.0e+000
P[68]           8.4e-002 2.9e-004 6.6e-002  1.7e-002  6.8e-002   0.21 5.1e+004 9.8e+001 1.0e+000
P[69]           7.0e-002 2.1e-004 4.5e-002  1.6e-002  6.1e-002   0.16 4.4e+004 8.5e+001 1.0e+000
P[70]           7.7e-002 2.5e-004 5.5e-002  1.6e-002  6.5e-002   0.18 4.8e+004 9.1e+001 1.0e+000
P[71]           8.1e-002 2.7e-004 6.0e-002  1.6e-002  6.8e-002   0.20 4.9e+004 9.3e+001 1.0e+000
P[72]           8.8e-002 3.1e-004 6.9e-002  1.6e-002  7.1e-002   0.22 5.0e+004 9.6e+001 1.0e+000
P[73]           9.1e-002 3.2e-004 7.1e-002  1.6e-002  7.3e-002   0.23 5.0e+004 9.6e+001 1.0e+000
P[74]           7.4e-002 2.3e-004 4.7e-002  1.6e-002  6.5e-002   0.16 4.3e+004 8.2e+001 1.0e+000
P[75]           7.8e-002 2.5e-004 5.3e-002  1.6e-002  6.8e-002   0.18 4.5e+004 8.7e+001 1.0e+000
P[76]           8.3e-002 2.7e-004 5.9e-002  1.6e-002  7.0e-002   0.20 4.7e+004 9.0e+001 1.0e+000
P[77]           8.9e-002 3.1e-004 6.8e-002  1.6e-002  7.4e-002   0.22 4.9e+004 9.4e+001 1.0e+000
P[78]           7.3e-002 2.2e-004 4.6e-002  1.6e-002  6.6e-002   0.16 4.2e+004 8.1e+001 1.0e+000
P[79]           6.5e-002 1.9e-004 3.8e-002  1.5e-002  6.0e-002   0.13 4.1e+004 7.8e+001 1.0e+000
P[80]           7.2e-002 2.3e-004 4.8e-002  1.5e-002  6.4e-002   0.16 4.5e+004 8.6e+001 1.0e+000
P[81]           7.9e-002 2.6e-004 5.8e-002  1.5e-002  6.8e-002   0.19 4.8e+004 9.2e+001 1.0e+000
P[82]           8.3e-002 2.8e-004 6.2e-002  1.5e-002  7.0e-002   0.20 4.9e+004 9.3e+001 1.0e+000
P[83]           7.0e-002 2.1e-004 4.4e-002  1.5e-002  6.3e-002   0.15 4.2e+004 8.1e+001 1.0e+000
P[84]           7.7e-002 2.5e-004 5.4e-002  1.5e-002  6.7e-002   0.18 4.6e+004 8.8e+001 1.0e+000
P[85]           8.4e-002 2.9e-004 6.3e-002  1.5e-002  7.0e-002   0.20 4.9e+004 9.3e+001 1.0e+000
P[86]           9.1e-002 3.2e-004 7.2e-002  1.5e-002  7.4e-002   0.23 5.0e+004 9.6e+001 1.0e+000
P[87]           7.4e-002 2.3e-004 4.7e-002  1.5e-002  6.6e-002   0.16 4.3e+004 8.1e+001 1.0e+000
P[88]           6.5e-002 1.9e-004 3.9e-002  1.4e-002  6.0e-002   0.14 4.1e+004 7.7e+001 1.0e+000
P[89]           7.1e-002 2.2e-004 4.6e-002  1.4e-002  6.3e-002   0.16 4.4e+004 8.4e+001 1.0e+000
P[90]           7.6e-002 2.4e-004 5.3e-002  1.4e-002  6.6e-002   0.18 4.6e+004 8.8e+001 1.0e+000
P[91]           8.0e-002 2.7e-004 5.8e-002  1.4e-002  6.8e-002   0.19 4.7e+004 9.1e+001 1.0e+000
P[92]           6.8e-002 2.1e-004 4.2e-002  1.4e-002  6.2e-002   0.15 4.2e+004 8.0e+001 1.0e+000
P[93]           6.2e-002 1.8e-004 3.6e-002  1.4e-002  5.7e-002   0.13 4.0e+004 7.7e+001 1.0e+000
P[94]           6.8e-002 2.1e-004 4.4e-002  1.4e-002  6.0e-002   0.15 4.4e+004 8.5e+001 1.0e+000
P[95]           7.3e-002 2.4e-004 5.1e-002  1.4e-002  6.3e-002   0.17 4.7e+004 8.9e+001 1.0e+000
P[96]           8.0e-002 2.7e-004 6.1e-002  1.4e-002  6.6e-002   0.19 4.9e+004 9.4e+001 1.0e+000
P[97]           6.8e-002 2.1e-004 4.3e-002  1.3e-002  6.1e-002   0.15 4.3e+004 8.1e+001 1.0e+000
P[98]           7.3e-002 2.4e-004 5.0e-002  1.3e-002  6.3e-002   0.17 4.5e+004 8.7e+001 1.0e+000
P[99]           8.0e-002 2.7e-004 6.0e-002  1.3e-002  6.7e-002   0.19 4.8e+004 9.2e+001 1.0e+000
P[100]          8.7e-002 3.1e-004 6.9e-002  1.3e-002  7.1e-002   0.22 5.0e+004 9.5e+001 1.0e+000
R[1]            2.5e+000 5.7e-004 1.3e-001  2.3e+000  2.4e+000    2.7 5.2e+004 1.0e+002 1.0e+000
R[2]            4.6e-001 5.7e-004 1.3e-001  2.8e-001  4.4e-001   0.70 5.2e+004 1.0e+002 1.0e+000
R[3]            4.6e-001 5.7e-004 1.3e-001  2.8e-001  4.4e-001   0.70 5.2e+004 1.0e+002 1.0e+000
R[4]            2.5e+000 5.7e-004 1.3e-001  2.3e+000  2.4e+000    2.7 5.2e+004 1.0e+002 1.0e+000
R[5]            2.5e+000 5.7e-004 1.3e-001  2.3e+000  2.4e+000    2.7 5.2e+004 1.0e+002 1.0e+000
R[6]            4.6e-001 5.7e-004 1.3e-001  2.8e-001  4.4e-001   0.70 5.2e+004 1.0e+002 1.0e+000
R[7]            4.6e-001 5.7e-004 1.3e-001  2.8e-001  4.4e-001   0.70 5.2e+004 1.0e+002 1.0e+000
R[8]            2.5e+000 5.7e-004 1.3e-001  2.3e+000  2.4e+000    2.7 5.2e+004 1.0e+002 1.0e+000
R[9]            4.6e-001 5.7e-004 1.3e-001  2.8e-001  4.4e-001   0.70 5.2e+004 1.0e+002 1.0e+000
R[10]           2.5e+000 5.7e-004 1.3e-001  2.3e+000  2.4e+000    2.7 5.2e+004 1.0e+002 1.0e+000
R[11]           4.6e-001 5.7e-004 1.3e-001  2.8e-001  4.4e-001   0.70 5.2e+004 1.0e+002 1.0e+000
R[12]           6.5e+000 5.7e-004 1.3e-001  6.3e+000  6.4e+000    6.7 5.2e+004 1.0e+002 1.0e+000
R[13]           2.5e+000 5.7e-004 1.3e-001  2.3e+000  2.4e+000    2.7 5.2e+004 1.0e+002 1.0e+000
R[14]           6.5e+000 5.7e-004 1.3e-001  6.3e+000  6.4e+000    6.7 5.2e+004 1.0e+002 1.0e+000
R[15]           4.6e-001 5.7e-004 1.3e-001  2.8e-001  4.4e-001   0.70 5.2e+004 1.0e+002 1.0e+000
R[16]           6.5e+000 5.7e-004 1.3e-001  6.3e+000  6.4e+000    6.7 5.2e+004 1.0e+002 1.0e+000
R[17]           2.5e+000 5.7e-004 1.3e-001  2.3e+000  2.4e+000    2.7 5.2e+004 1.0e+002 1.0e+000
R[18]           6.5e+000 5.7e-004 1.3e-001  6.3e+000  6.4e+000    6.7 5.2e+004 1.0e+002 1.0e+000
R[19]           4.6e-001 5.7e-004 1.3e-001  2.8e-001  4.4e-001   0.70 5.2e+004 1.0e+002 1.0e+000
R[20]           4.6e-001 5.7e-004 1.3e-001  2.8e-001  4.4e-001   0.70 5.2e+004 1.0e+002 1.0e+000
R[21]           6.5e+000 5.7e-004 1.3e-001  6.3e+000  6.4e+000    6.7 5.2e+004 1.0e+002 1.0e+000
R[22]           4.6e-001 5.7e-004 1.3e-001  2.8e-001  4.4e-001   0.70 5.2e+004 1.0e+002 1.0e+000
R[23]           2.5e+000 5.7e-004 1.3e-001  2.3e+000  2.4e+000    2.7 5.2e+004 1.0e+002 1.0e+000
R[24]           6.5e+000 5.7e-004 1.3e-001  6.3e+000  6.4e+000    6.7 5.2e+004 1.0e+002 1.0e+000
R[25]           6.5e+000 5.7e-004 1.3e-001  6.3e+000  6.4e+000    6.7 5.2e+004 1.0e+002 1.0e+000
R[26]           4.6e-001 5.7e-004 1.3e-001  2.8e-001  4.4e-001   0.70 5.2e+004 1.0e+002 1.0e+000
R[27]           2.5e+000 5.7e-004 1.3e-001  2.3e+000  2.4e+000    2.7 5.2e+004 1.0e+002 1.0e+000
R[28]           2.5e+000 5.7e-004 1.3e-001  2.3e+000  2.4e+000    2.7 5.2e+004 1.0e+002 1.0e+000
R[29]           6.5e+000 5.7e-004 1.3e-001  6.3e+000  6.4e+000    6.7 5.2e+004 1.0e+002 1.0e+000
R[30]           4.6e-001 5.7e-004 1.3e-001  2.8e-001  4.4e-001   0.70 5.2e+004 1.0e+002 1.0e+000
R[31]           6.5e+000 5.7e-004 1.3e-001  6.3e+000  6.4e+000    6.7 5.2e+004 1.0e+002 1.0e+000
R[32]           2.5e+000 5.7e-004 1.3e-001  2.3e+000  2.4e+000    2.7 5.2e+004 1.0e+002 1.0e+000
R[33]           2.5e+000 5.7e-004 1.3e-001  2.3e+000  2.4e+000    2.7 5.2e+004 1.0e+002 1.0e+000
R[34]           2.5e+000 5.7e-004 1.3e-001  2.3e+000  2.4e+000    2.7 5.2e+004 1.0e+002 1.0e+000
R[35]           2.5e+000 5.7e-004 1.3e-001  2.3e+000  2.4e+000    2.7 5.2e+004 1.0e+002 1.0e+000
R[36]           6.5e+000 5.7e-004 1.3e-001  6.3e+000  6.4e+000    6.7 5.2e+004 1.0e+002 1.0e+000
R[37]           2.5e+000 5.7e-004 1.3e-001  2.3e+000  2.4e+000    2.7 5.2e+004 1.0e+002 1.0e+000
R[38]           2.5e+000 5.7e-004 1.3e-001  2.3e+000  2.4e+000    2.7 5.2e+004 1.0e+002 1.0e+000
R[39]           4.6e-001 5.7e-004 1.3e-001  2.8e-001  4.4e-001   0.70 5.2e+004 1.0e+002 1.0e+000
R[40]           4.6e-001 5.7e-004 1.3e-001  2.8e-001  4.4e-001   0.70 5.2e+004 1.0e+002 1.0e+000
R[41]           2.5e+000 5.7e-004 1.3e-001  2.3e+000  2.4e+000    2.7 5.2e+004 1.0e+002 1.0e+000
R[42]           4.6e-001 5.7e-004 1.3e-001  2.8e-001  4.4e-001   0.70 5.2e+004 1.0e+002 1.0e+000
R[43]           4.6e-001 5.7e-004 1.3e-001  2.8e-001  4.4e-001   0.70 5.2e+004 1.0e+002 1.0e+000
R[44]           2.5e+000 5.7e-004 1.3e-001  2.3e+000  2.4e+000    2.7 5.2e+004 1.0e+002 1.0e+000
R[45]           6.5e+000 5.7e-004 1.3e-001  6.3e+000  6.4e+000    6.7 5.2e+004 1.0e+002 1.0e+000
R[46]           2.5e+000 5.7e-004 1.3e-001  2.3e+000  2.4e+000    2.7 5.2e+004 1.0e+002 1.0e+000
R[47]           4.6e-001 5.7e-004 1.3e-001  2.8e-001  4.4e-001   0.70 5.2e+004 1.0e+002 1.0e+000
R[48]           6.5e+000 5.7e-004 1.3e-001  6.3e+000  6.4e+000    6.7 5.2e+004 1.0e+002 1.0e+000
R[49]           6.5e+000 5.7e-004 1.3e-001  6.3e+000  6.4e+000    6.7 5.2e+004 1.0e+002 1.0e+000
R[50]           2.5e+000 5.7e-004 1.3e-001  2.3e+000  2.4e+000    2.7 5.2e+004 1.0e+002 1.0e+000
R[51]           2.5e+000 5.7e-004 1.3e-001  2.3e+000  2.4e+000    2.7 5.2e+004 1.0e+002 1.0e+000
R[52]           2.5e+000 5.7e-004 1.3e-001  2.3e+000  2.4e+000    2.7 5.2e+004 1.0e+002 1.0e+000
R[53]           4.6e-001 5.7e-004 1.3e-001  2.8e-001  4.4e-001   0.70 5.2e+004 1.0e+002 1.0e+000
R[54]           4.6e-001 5.7e-004 1.3e-001  2.8e-001  4.4e-001   0.70 5.2e+004 1.0e+002 1.0e+000
R[55]           2.5e+000 5.7e-004 1.3e-001  2.3e+000  2.4e+000    2.7 5.2e+004 1.0e+002 1.0e+000
R[56]           4.6e-001 5.7e-004 1.3e-001  2.8e-001  4.4e-001   0.70 5.2e+004 1.0e+002 1.0e+000
R[57]           6.5e+000 5.7e-004 1.3e-001  6.3e+000  6.4e+000    6.7 5.2e+004 1.0e+002 1.0e+000
R[58]           4.6e-001 5.7e-004 1.3e-001  2.8e-001  4.4e-001   0.70 5.2e+004 1.0e+002 1.0e+000
R[59]           4.6e-001 5.7e-004 1.3e-001  2.8e-001  4.4e-001   0.70 5.2e+004 1.0e+002 1.0e+000
R[60]           2.5e+000 5.7e-004 1.3e-001  2.3e+000  2.4e+000    2.7 5.2e+004 1.0e+002 1.0e+000
R[61]           2.5e+000 5.7e-004 1.3e-001  2.3e+000  2.4e+000    2.7 5.2e+004 1.0e+002 1.0e+000
R[62]           6.5e+000 5.7e-004 1.3e-001  6.3e+000  6.4e+000    6.7 5.2e+004 1.0e+002 1.0e+000
R[63]           4.6e-001 5.7e-004 1.3e-001  2.8e-001  4.4e-001   0.70 5.2e+004 1.0e+002 1.0e+000
R[64]           4.6e-001 5.7e-004 1.3e-001  2.8e-001  4.4e-001   0.70 5.2e+004 1.0e+002 1.0e+000
R[65]           2.5e+000 5.7e-004 1.3e-001  2.3e+000  2.4e+000    2.7 5.2e+004 1.0e+002 1.0e+000
R[66]           6.5e+000 5.7e-004 1.3e-001  6.3e+000  6.4e+000    6.7 5.2e+004 1.0e+002 1.0e+000
R[67]           6.5e+000 5.7e-004 1.3e-001  6.3e+000  6.4e+000    6.7 5.2e+004 1.0e+002 1.0e+000
R[68]           2.5e+000 5.7e-004 1.3e-001  2.3e+000  2.4e+000    2.7 5.2e+004 1.0e+002 1.0e+000
R[69]           4.6e-001 5.7e-004 1.3e-001  2.8e-001  4.4e-001   0.70 5.2e+004 1.0e+002 1.0e+000
R[70]           6.5e+000 5.7e-004 1.3e-001  6.3e+000  6.4e+000    6.7 5.2e+004 1.0e+002 1.0e+000
R[71]           2.5e+000 5.7e-004 1.3e-001  2.3e+000  2.4e+000    2.7 5.2e+004 1.0e+002 1.0e+000
R[72]           6.5e+000 5.7e-004 1.3e-001  6.3e+000  6.4e+000    6.7 5.2e+004 1.0e+002 1.0e+000
R[73]           2.5e+000 5.7e-004 1.3e-001  2.3e+000  2.4e+000    2.7 5.2e+004 1.0e+002 1.0e+000
R[74]           4.6e-001 5.7e-004 1.3e-001  2.8e-001  4.4e-001   0.70 5.2e+004 1.0e+002 1.0e+000
R[75]           2.5e+000 5.7e-004 1.3e-001  2.3e+000  2.4e+000    2.7 5.2e+004 1.0e+002 1.0e+000
R[76]           2.5e+000 5.7e-004 1.3e-001  2.3e+000  2.4e+000    2.7 5.2e+004 1.0e+002 1.0e+000
R[77]           6.5e+000 5.7e-004 1.3e-001  6.3e+000  6.4e+000    6.7 5.2e+004 1.0e+002 1.0e+000
R[78]           4.6e-001 5.7e-004 1.3e-001  2.8e-001  4.4e-001   0.70 5.2e+004 1.0e+002 1.0e+000
R[79]           4.6e-001 5.7e-004 1.3e-001  2.8e-001  4.4e-001   0.70 5.2e+004 1.0e+002 1.0e+000
R[80]           6.5e+000 5.7e-004 1.3e-001  6.3e+000  6.4e+000    6.7 5.2e+004 1.0e+002 1.0e+000
R[81]           6.5e+000 5.7e-004 1.3e-001  6.3e+000  6.4e+000    6.7 5.2e+004 1.0e+002 1.0e+000
R[82]           2.5e+000 5.7e-004 1.3e-001  2.3e+000  2.4e+000    2.7 5.2e+004 1.0e+002 1.0e+000
R[83]           4.6e-001 5.7e-004 1.3e-001  2.8e-001  4.4e-001   0.70 5.2e+004 1.0e+002 1.0e+000
R[84]           6.5e+000 5.7e-004 1.3e-001  6.3e+000  6.4e+000    6.7 5.2e+004 1.0e+002 1.0e+000
R[85]           6.5e+000 5.7e-004 1.3e-001  6.3e+000  6.4e+000    6.7 5.2e+004 1.0e+002 1.0e+000
R[86]           6.5e+000 5.7e-004 1.3e-001  6.3e+000  6.4e+000    6.7 5.2e+004 1.0e+002 1.0e+000
R[87]           4.6e-001 5.7e-004 1.3e-001  2.8e-001  4.4e-001   0.70 5.2e+004 1.0e+002 1.0e+000
R[88]           4.6e-001 5.7e-004 1.3e-001  2.8e-001  4.4e-001   0.70 5.2e+004 1.0e+002 1.0e+000
R[89]           2.5e+000 5.7e-004 1.3e-001  2.3e+000  2.4e+000    2.7 5.2e+004 1.0e+002 1.0e+000
R[90]           2.5e+000 5.7e-004 1.3e-001  2.3e+000  2.4e+000    2.7 5.2e+004 1.0e+002 1.0e+000
R[91]           2.5e+000 5.7e-004 1.3e-001  2.3e+000  2.4e+000    2.7 5.2e+004 1.0e+002 1.0e+000
R[92]           4.6e-001 5.7e-004 1.3e-001  2.8e-001  4.4e-001   0.70 5.2e+004 1.0e+002 1.0e+000
R[93]           4.6e-001 5.7e-004 1.3e-001  2.8e-001  4.4e-001   0.70 5.2e+004 1.0e+002 1.0e+000
R[94]           2.5e+000 5.7e-004 1.3e-001  2.3e+000  2.4e+000    2.7 5.2e+004 1.0e+002 1.0e+000
R[95]           2.5e+000 5.7e-004 1.3e-001  2.3e+000  2.4e+000    2.7 5.2e+004 1.0e+002 1.0e+000
R[96]           6.5e+000 5.7e-004 1.3e-001  6.3e+000  6.4e+000    6.7 5.2e+004 1.0e+002 1.0e+000
R[97]           4.6e-001 5.7e-004 1.3e-001  2.8e-001  4.4e-001   0.70 5.2e+004 1.0e+002 1.0e+000
R[98]           2.5e+000 5.7e-004 1.3e-001  2.3e+000  2.4e+000    2.7 5.2e+004 1.0e+002 1.0e+000
R[99]           6.5e+000 5.7e-004 1.3e-001  6.3e+000  6.4e+000    6.7 5.2e+004 1.0e+002 1.0e+000
R[100]          6.5e+000 5.7e-004 1.3e-001  6.3e+000  6.4e+000    6.7 5.2e+004 1.0e+002 1.0e+000
S[1]            3.5e+000 5.7e-004 1.3e-001  3.3e+000  3.4e+000    3.7 5.2e+004 1.0e+002 1.0e+000
S[2]            1.2e+000 6.0e-004 1.4e-001  9.9e-001  1.2e+000    1.4 5.3e+004 1.0e+002 1.0e+000
S[3]            7.4e-001 7.8e-004 1.8e-001  4.9e-001  7.2e-001    1.1 5.1e+004 9.8e+001 1.0e+000
S[4]            2.6e+000 7.2e-004 1.7e-001  2.4e+000  2.6e+000    2.9 5.3e+004 1.0e+002 1.0e+000
S[5]            2.6e+000 7.0e-004 1.6e-001  2.4e+000  2.6e+000    2.9 5.4e+004 1.0e+002 1.0e+000
S[6]            6.3e-001 6.8e-004 1.6e-001  4.1e-001  6.1e-001   0.92 5.5e+004 1.1e+002 1.0e+000
S[7]            5.9e-001 6.7e-004 1.5e-001  3.8e-001  5.7e-001   0.88 5.4e+004 1.0e+002 1.0e+000
S[8]            2.6e+000 6.5e-004 1.5e-001  2.4e+000  2.5e+000    2.8 5.4e+004 1.0e+002 1.0e+000
S[9]            5.7e-001 6.4e-004 1.5e-001  3.7e-001  5.5e-001   0.85 5.6e+004 1.1e+002 1.0e+000
S[10]           2.6e+000 6.3e-004 1.5e-001  2.4e+000  2.5e+000    2.8 5.5e+004 1.1e+002 1.0e+000
S[11]           5.6e-001 6.3e-004 1.5e-001  3.6e-001  5.4e-001   0.83 5.6e+004 1.1e+002 1.0e+000
S[12]           6.5e+000 6.2e-004 1.5e-001  6.3e+000  6.5e+000    6.8 5.6e+004 1.1e+002 1.0e+000
S[13]           2.6e+000 6.3e-004 1.5e-001  2.4e+000  2.5e+000    2.8 5.7e+004 1.1e+002 1.0e+000
S[14]           6.6e+000 6.2e-004 1.5e-001  6.4e+000  6.5e+000    6.8 5.8e+004 1.1e+002 1.0e+000
S[15]           5.6e-001 6.3e-004 1.5e-001  3.6e-001  5.4e-001   0.85 5.9e+004 1.1e+002 1.0e+000
S[16]           6.5e+000 6.2e-004 1.5e-001  6.3e+000  6.5e+000    6.8 5.6e+004 1.1e+002 1.0e+000
S[17]           2.6e+000 6.3e-004 1.5e-001  2.4e+000  2.5e+000    2.8 5.8e+004 1.1e+002 1.0e+000
S[18]           6.6e+000 6.3e-004 1.5e-001  6.4e+000  6.5e+000    6.8 5.9e+004 1.1e+002 1.0e+000
S[19]           5.7e-001 6.3e-004 1.5e-001  3.6e-001  5.4e-001   0.85 6.0e+004 1.1e+002 1.0e+000
S[20]           5.5e-001 6.2e-004 1.5e-001  3.5e-001  5.2e-001   0.82 5.6e+004 1.1e+002 1.0e+000
S[21]           6.5e+000 6.2e-004 1.5e-001  6.3e+000  6.5e+000    6.8 5.6e+004 1.1e+002 1.0e+000
S[22]           5.5e-001 6.2e-004 1.5e-001  3.5e-001  5.2e-001   0.82 5.7e+004 1.1e+002 1.0e+000
S[23]           2.5e+000 6.1e-004 1.5e-001  2.3e+000  2.5e+000    2.8 5.6e+004 1.1e+002 1.0e+000
S[24]           6.5e+000 6.1e-004 1.5e-001  6.3e+000  6.5e+000    6.8 5.7e+004 1.1e+002 1.0e+000
S[25]           6.5e+000 6.2e-004 1.5e-001  6.3e+000  6.5e+000    6.8 5.9e+004 1.1e+002 1.0e+000
S[26]           5.6e-001 6.3e-004 1.5e-001  3.5e-001  5.3e-001   0.84 6.0e+004 1.1e+002 1.0e+000
S[27]           2.5e+000 6.2e-004 1.5e-001  2.3e+000  2.5e+000    2.8 5.7e+004 1.1e+002 1.0e+000
S[28]           2.5e+000 6.2e-004 1.5e-001  2.3e+000  2.5e+000    2.8 5.8e+004 1.1e+002 1.0e+000
S[29]           6.5e+000 6.2e-004 1.5e-001  6.3e+000  6.5e+000    6.8 5.8e+004 1.1e+002 1.0e+000
S[30]           5.6e-001 6.3e-004 1.5e-001  3.5e-001  5.3e-001   0.84 6.0e+004 1.1e+002 1.0e+000
S[31]           6.5e+000 6.2e-004 1.5e-001  6.3e+000  6.5e+000    6.8 5.6e+004 1.1e+002 1.0e+000
S[32]           2.5e+000 6.2e-004 1.5e-001  2.3e+000  2.5e+000    2.8 5.8e+004 1.1e+002 1.0e+000
S[33]           2.6e+000 6.3e-004 1.5e-001  2.3e+000  2.5e+000    2.8 5.8e+004 1.1e+002 1.0e+000
S[34]           2.6e+000 6.3e-004 1.5e-001  2.4e+000  2.5e+000    2.8 5.9e+004 1.1e+002 1.0e+000
S[35]           2.6e+000 6.3e-004 1.5e-001  2.4e+000  2.5e+000    2.8 5.9e+004 1.1e+002 1.0e+000
S[36]           6.6e+000 6.3e-004 1.5e-001  6.4e+000  6.5e+000    6.8 6.0e+004 1.1e+002 1.0e+000
S[37]           2.6e+000 6.4e-004 1.6e-001  2.4e+000  2.5e+000    2.9 6.1e+004 1.2e+002 1.0e+000
S[38]           2.6e+000 6.4e-004 1.6e-001  2.4e+000  2.5e+000    2.9 6.0e+004 1.2e+002 1.0e+000
S[39]           5.7e-001 6.4e-004 1.6e-001  3.6e-001  5.5e-001   0.86 6.0e+004 1.2e+002 1.0e+000
S[40]           5.5e-001 6.2e-004 1.5e-001  3.5e-001  5.2e-001   0.82 5.6e+004 1.1e+002 1.0e+000
S[41]           2.5e+000 6.1e-004 1.4e-001  2.3e+000  2.5e+000    2.8 5.6e+004 1.1e+002 1.0e+000
S[42]           5.4e-001 6.1e-004 1.5e-001  3.5e-001  5.2e-001   0.81 5.7e+004 1.1e+002 1.0e+000
S[43]           5.3e-001 6.1e-004 1.4e-001  3.4e-001  5.1e-001   0.80 5.6e+004 1.1e+002 1.0e+000
S[44]           2.5e+000 6.1e-004 1.4e-001  2.3e+000  2.5e+000    2.8 5.6e+004 1.1e+002 1.0e+000
S[45]           6.5e+000 6.1e-004 1.4e-001  6.3e+000  6.5e+000    6.8 5.7e+004 1.1e+002 1.0e+000
S[46]           2.5e+000 6.2e-004 1.5e-001  2.3e+000  2.5e+000    2.8 5.8e+004 1.1e+002 1.0e+000
S[47]           5.4e-001 6.2e-004 1.5e-001  3.4e-001  5.2e-001   0.82 5.9e+004 1.1e+002 1.0e+000
S[48]           6.5e+000 6.1e-004 1.4e-001  6.3e+000  6.5e+000    6.8 5.6e+004 1.1e+002 1.0e+000
S[49]           6.5e+000 6.2e-004 1.5e-001  6.3e+000  6.5e+000    6.8 5.7e+004 1.1e+002 1.0e+000
S[50]           2.5e+000 6.3e-004 1.5e-001  2.3e+000  2.5e+000    2.8 5.9e+004 1.1e+002 1.0e+000
S[51]           2.6e+000 6.3e-004 1.5e-001  2.3e+000  2.5e+000    2.8 5.9e+004 1.1e+002 1.0e+000
S[52]           2.6e+000 6.3e-004 1.5e-001  2.3e+000  2.5e+000    2.8 5.9e+004 1.1e+002 1.0e+000
S[53]           5.6e-001 6.3e-004 1.5e-001  3.5e-001  5.3e-001   0.84 6.0e+004 1.1e+002 1.0e+000
S[54]           5.4e-001 6.2e-004 1.5e-001  3.4e-001  5.2e-001   0.81 5.6e+004 1.1e+002 1.0e+000
S[55]           2.5e+000 6.1e-004 1.4e-001  2.3e+000  2.5e+000    2.8 5.6e+004 1.1e+002 1.0e+000
S[56]           5.4e-001 6.1e-004 1.5e-001  3.4e-001  5.1e-001   0.81 5.7e+004 1.1e+002 1.0e+000
S[57]           6.5e+000 6.1e-004 1.4e-001  6.3e+000  6.5e+000    6.8 5.6e+004 1.1e+002 1.0e+000
S[58]           5.4e-001 6.1e-004 1.5e-001  3.4e-001  5.1e-001   0.81 5.7e+004 1.1e+002 1.0e+000
S[59]           5.3e-001 6.1e-004 1.4e-001  3.4e-001  5.1e-001   0.80 5.6e+004 1.1e+002 1.0e+000
S[60]           2.5e+000 6.1e-004 1.4e-001  2.3e+000  2.5e+000    2.8 5.6e+004 1.1e+002 1.0e+000
S[61]           2.5e+000 6.1e-004 1.4e-001  2.3e+000  2.5e+000    2.8 5.7e+004 1.1e+002 1.0e+000
S[62]           6.5e+000 6.1e-004 1.5e-001  6.3e+000  6.5e+000    6.8 5.8e+004 1.1e+002 1.0e+000
S[63]           5.4e-001 6.2e-004 1.5e-001  3.4e-001  5.2e-001   0.82 5.9e+004 1.1e+002 1.0e+000
S[64]           5.3e-001 6.1e-004 1.4e-001  3.4e-001  5.1e-001   0.80 5.6e+004 1.1e+002 1.0e+000
S[65]           2.5e+000 6.1e-004 1.4e-001  2.3e+000  2.5e+000    2.8 5.6e+004 1.1e+002 1.0e+000
S[66]           6.5e+000 6.1e-004 1.5e-001  6.3e+000  6.5e+000    6.8 5.7e+004 1.1e+002 1.0e+000
S[67]           6.5e+000 6.2e-004 1.5e-001  6.3e+000  6.5e+000    6.8 5.8e+004 1.1e+002 1.0e+000
S[68]           2.5e+000 6.3e-004 1.5e-001  2.3e+000  2.5e+000    2.8 5.9e+004 1.1e+002 1.0e+000
S[69]           5.5e-001 6.3e-004 1.5e-001  3.4e-001  5.3e-001   0.83 5.9e+004 1.1e+002 1.0e+000
S[70]           6.5e+000 6.2e-004 1.5e-001  6.3e+000  6.5e+000    6.8 5.6e+004 1.1e+002 1.0e+000
S[71]           2.5e+000 6.2e-004 1.5e-001  2.3e+000  2.5e+000    2.8 5.7e+004 1.1e+002 1.0e+000
S[72]           6.5e+000 6.3e-004 1.5e-001  6.3e+000  6.5e+000    6.8 5.8e+004 1.1e+002 1.0e+000
S[73]           2.6e+000 6.4e-004 1.5e-001  2.3e+000  2.5e+000    2.8 5.9e+004 1.1e+002 1.0e+000
S[74]           5.6e-001 6.4e-004 1.6e-001  3.5e-001  5.3e-001   0.84 5.9e+004 1.1e+002 1.0e+000
S[75]           2.5e+000 6.2e-004 1.5e-001  2.3e+000  2.5e+000    2.8 5.6e+004 1.1e+002 1.0e+000
S[76]           2.5e+000 6.2e-004 1.5e-001  2.3e+000  2.5e+000    2.8 5.7e+004 1.1e+002 1.0e+000
S[77]           6.5e+000 6.3e-004 1.5e-001  6.3e+000  6.5e+000    6.8 5.8e+004 1.1e+002 1.0e+000
S[78]           5.5e-001 6.4e-004 1.5e-001  3.5e-001  5.3e-001   0.84 5.9e+004 1.1e+002 1.0e+000
S[79]           5.4e-001 6.2e-004 1.5e-001  3.4e-001  5.2e-001   0.81 5.6e+004 1.1e+002 1.0e+000
S[80]           6.5e+000 6.1e-004 1.4e-001  6.3e+000  6.5e+000    6.8 5.5e+004 1.1e+002 1.0e+000
S[81]           6.5e+000 6.2e-004 1.5e-001  6.3e+000  6.5e+000    6.8 5.7e+004 1.1e+002 1.0e+000
S[82]           2.5e+000 6.3e-004 1.5e-001  2.3e+000  2.5e+000    2.8 5.8e+004 1.1e+002 1.0e+000
S[83]           5.5e-001 6.3e-004 1.5e-001  3.5e-001  5.2e-001   0.83 5.8e+004 1.1e+002 1.0e+000
S[84]           6.5e+000 6.2e-004 1.5e-001  6.3e+000  6.5e+000    6.8 5.6e+004 1.1e+002 1.0e+000
S[85]           6.5e+000 6.2e-004 1.5e-001  6.3e+000  6.5e+000    6.8 5.7e+004 1.1e+002 1.0e+000
S[86]           6.5e+000 6.3e-004 1.5e-001  6.3e+000  6.5e+000    6.8 5.8e+004 1.1e+002 1.0e+000
S[87]           5.6e-001 6.4e-004 1.6e-001  3.5e-001  5.3e-001   0.85 5.9e+004 1.1e+002 1.0e+000
S[88]           5.4e-001 6.2e-004 1.5e-001  3.4e-001  5.2e-001   0.81 5.6e+004 1.1e+002 1.0e+000
S[89]           2.5e+000 6.1e-004 1.4e-001  2.3e+000  2.5e+000    2.8 5.5e+004 1.1e+002 1.0e+000
S[90]           2.5e+000 6.2e-004 1.5e-001  2.3e+000  2.5e+000    2.8 5.6e+004 1.1e+002 1.0e+000
S[91]           2.5e+000 6.2e-004 1.5e-001  2.3e+000  2.5e+000    2.8 5.7e+004 1.1e+002 1.0e+000
S[92]           5.5e-001 6.2e-004 1.5e-001  3.4e-001  5.2e-001   0.82 5.8e+004 1.1e+002 1.0e+000
S[93]           5.3e-001 6.1e-004 1.4e-001  3.4e-001  5.1e-001   0.80 5.6e+004 1.1e+002 1.0e+000
S[94]           2.5e+000 6.1e-004 1.4e-001  2.3e+000  2.5e+000    2.8 5.5e+004 1.1e+002 1.0e+000
S[95]           2.5e+000 6.1e-004 1.5e-001  2.3e+000  2.5e+000    2.8 5.6e+004 1.1e+002 1.0e+000
S[96]           6.5e+000 6.1e-004 1.5e-001  6.3e+000  6.5e+000    6.8 5.7e+004 1.1e+002 1.0e+000
S[97]           5.4e-001 6.2e-004 1.5e-001  3.4e-001  5.2e-001   0.82 5.8e+004 1.1e+002 1.0e+000
S[98]           2.5e+000 6.1e-004 1.5e-001  2.3e+000  2.5e+000    2.8 5.6e+004 1.1e+002 1.0e+000
S[99]           6.5e+000 6.2e-004 1.5e-001  6.3e+000  6.5e+000    6.8 5.7e+004 1.1e+002 1.0e+000
S[100]          6.5e+000 6.3e-004 1.5e-001  6.3e+000  6.5e+000    6.8 5.8e+004 1.1e+002 1.0e+000
m_pred[1]       0.0e+000 0.0e+000 0.0e+000  0.0e+000  0.0e+000   0.00 1.0e+005 1.9e+002-1.$e+000
m_pred[2]       8.6e-001 1.4e-004 3.1e-002  8.0e-001  8.6e-001   0.90 4.9e+004 9.4e+001 1.0e+000
m_pred[3]       2.4e-001 2.4e-004 4.7e-002  1.6e-001  2.4e-001   0.32 3.9e+004 7.4e+001 1.0e+000
m_pred[4]       1.1e-001 1.9e-004 3.9e-002  4.2e-002  1.0e-001   0.17 4.2e+004 8.0e+001 1.0e+000
m_pred[5]       2.7e-003 1.3e-004 2.7e-002 -4.1e-002  4.0e-003  0.043 4.3e+004 8.2e+001 1.0e+000
m_pred[6]      -2.4e-001 1.9e-004 5.0e-002 -3.3e-001 -2.3e-001  -0.20 6.8e+004 1.3e+002 1.0e+000
m_pred[7]       4.1e-001 4.2e-004 8.7e-002  3.1e-001  4.0e-001   0.57 4.2e+004 8.1e+001 1.0e+000
m_pred[8]       4.1e-001 3.0e-004 6.1e-002  3.3e-001  4.0e-001   0.52 4.2e+004 8.0e+001 1.0e+000
m_pred[9]       3.3e-001 2.8e-004 5.6e-002  2.4e-001  3.3e-001   0.42 4.0e+004 7.6e+001 1.0e+000
m_pred[10]      4.8e-001 3.7e-004 7.5e-002  3.8e-001  4.7e-001   0.62 4.1e+004 7.9e+001 1.0e+000
m_pred[11]      5.0e-001 3.6e-004 7.4e-002  4.0e-001  4.9e-001   0.65 4.2e+004 8.0e+001 1.0e+000
m_pred[12]      5.0e-001 2.7e-004 5.4e-002  4.2e-001  4.9e-001   0.60 4.1e+004 7.9e+001 1.0e+000
m_pred[13]      4.7e-001 2.5e-004 5.0e-002  3.9e-001  4.7e-001   0.55 4.1e+004 7.8e+001 1.0e+000
m_pred[14]      4.6e-001 2.3e-004 4.7e-002  3.8e-001  4.6e-001   0.54 4.1e+004 7.8e+001 1.0e+000
m_pred[15]      3.9e-001 2.3e-004 5.3e-002  3.0e-001  3.9e-001   0.47 5.3e+004 1.0e+002 1.0e+000
m_pred[16]      5.0e-001 3.3e-004 6.5e-002  4.0e-001  5.0e-001   0.62 4.0e+004 7.6e+001 1.0e+000
m_pred[17]      4.9e-001 3.1e-004 6.2e-002  3.9e-001  4.8e-001   0.59 4.0e+004 7.6e+001 1.0e+000
m_pred[18]      5.0e-001 3.1e-004 6.2e-002  4.1e-001  5.0e-001   0.61 4.0e+004 7.6e+001 1.0e+000
m_pred[19]      5.5e-001 3.7e-004 7.6e-002  4.4e-001  5.3e-001   0.69 4.2e+004 8.0e+001 1.0e+000
m_pred[20]      6.7e-001 5.5e-004 1.1e-001  5.3e-001  6.4e-001   0.89 4.2e+004 8.0e+001 1.0e+000
m_pred[21]      7.1e-001 5.4e-004 1.1e-001  5.7e-001  6.9e-001   0.92 4.0e+004 7.7e+001 1.0e+000
m_pred[22]      7.3e-001 5.7e-004 1.2e-001  5.9e-001  7.1e-001   0.96 4.1e+004 7.8e+001 1.0e+000
m_pred[23]      5.3e-001 1.3e-004 3.4e-002  4.7e-001  5.3e-001   0.56 7.0e+004 1.3e+002 1.0e+000
m_pred[24]      5.6e-001 1.3e-004 2.9e-002  5.1e-001  5.7e-001   0.59 4.5e+004 8.6e+001 1.0e+000
m_pred[25]      6.2e-001 2.3e-004 4.6e-002  5.5e-001  6.1e-001   0.69 3.9e+004 7.4e+001 1.0e+000
m_pred[26]      6.6e-001 3.4e-004 7.1e-002  5.7e-001  6.5e-001   0.79 4.3e+004 8.2e+001 1.0e+000
m_pred[27]      7.2e-001 4.3e-004 8.7e-002  6.1e-001  7.1e-001   0.88 4.0e+004 7.7e+001 1.0e+000
m_pred[28]      6.8e-001 3.2e-004 6.1e-002  5.9e-001  6.7e-001   0.78 3.7e+004 7.0e+001 1.0e+000
m_pred[29]      6.2e-001 1.9e-004 3.4e-002  5.6e-001  6.3e-001   0.67 3.3e+004 6.2e+001 1.0e+000
m_pred[30]      5.8e-001 1.4e-004 3.3e-002  5.3e-001  5.9e-001   0.62 5.5e+004 1.1e+002 1.0e+000
m_pred[31]      6.7e-001 3.0e-004 5.6e-002  5.8e-001  6.7e-001   0.76 3.4e+004 6.5e+001 1.0e+000
m_pred[32]      6.6e-001 2.9e-004 5.3e-002  5.8e-001  6.6e-001   0.75 3.3e+004 6.4e+001 1.0e+000
m_pred[33]      7.3e-001 4.5e-004 8.9e-002  6.1e-001  7.2e-001   0.89 3.9e+004 7.4e+001 1.0e+000
m_pred[34]      6.6e-001 2.6e-004 4.6e-002  5.9e-001  6.6e-001   0.73 3.2e+004 6.1e+001 1.0e+000
m_pred[35]      6.4e-001 2.1e-004 3.8e-002  5.8e-001  6.5e-001   0.70 3.2e+004 6.0e+001 1.0e+000
m_pred[36]      6.6e-001 2.4e-004 4.2e-002  5.9e-001  6.6e-001   0.72 3.1e+004 6.0e+001 1.0e+000
m_pred[37]      7.1e-001 3.6e-004 6.9e-002  6.1e-001  7.0e-001   0.82 3.6e+004 6.9e+001 1.0e+000
m_pred[38]      7.1e-001 3.6e-004 6.7e-002  6.1e-001  7.0e-001   0.82 3.5e+004 6.7e+001 1.0e+000
m_pred[39]      7.1e-001 3.5e-004 6.4e-002  6.1e-001  7.1e-001   0.81 3.4e+004 6.6e+001 1.0e+000
m_pred[40]      7.5e-001 4.3e-004 7.8e-002  6.3e-001  7.5e-001   0.88 3.4e+004 6.5e+001 1.0e+000
m_pred[41]      7.8e-001 4.4e-004 7.9e-002  6.5e-001  7.8e-001   0.90 3.3e+004 6.2e+001 1.0e+000
m_pred[42]      7.2e-001 3.1e-004 5.4e-002  6.3e-001  7.3e-001   0.80 3.0e+004 5.7e+001 1.0e+000
m_pred[43]      7.4e-001 3.2e-004 5.5e-002  6.5e-001  7.5e-001   0.82 3.0e+004 5.6e+001 1.0e+000
m_pred[44]      8.4e-001 5.4e-004 9.8e-002  6.9e-001  8.4e-001   1.00 3.3e+004 6.2e+001 1.0e+000
m_pred[45]      8.5e-001 5.4e-004 9.8e-002  6.9e-001  8.5e-001    1.0 3.2e+004 6.2e+001 1.0e+000
m_pred[46]      8.7e-001 6.1e-004 1.1e-001  7.0e-001  8.7e-001    1.1 3.4e+004 6.4e+001 1.0e+000
m_pred[47]      8.5e-001 5.5e-004 9.7e-002  7.0e-001  8.6e-001    1.0 3.2e+004 6.1e+001 1.0e+000
m_pred[48]      9.0e-001 6.3e-004 1.1e-001  7.3e-001  9.1e-001    1.1 3.2e+004 6.1e+001 1.0e+000
m_pred[49]      8.8e-001 5.8e-004 1.0e-001  7.2e-001  8.9e-001    1.0 3.1e+004 5.9e+001 1.0e+000
m_pred[50]      9.0e-001 6.2e-004 1.1e-001  7.3e-001  9.1e-001    1.1 3.2e+004 6.0e+001 1.0e+000
m_pred[51]      9.5e-001 7.4e-004 1.4e-001  7.4e-001  9.5e-001    1.2 3.4e+004 6.5e+001 1.0e+000
m_pred[52]      9.0e-001 5.9e-004 1.0e-001  7.3e-001  9.1e-001    1.1 3.0e+004 5.8e+001 1.0e+000
m_pred[53]      9.5e-001 7.3e-004 1.3e-001  7.5e-001  9.6e-001    1.2 3.3e+004 6.3e+001 1.0e+000
m_pred[54]      1.1e+000 1.0e-003 1.8e-001  7.9e-001  1.1e+000    1.4 3.3e+004 6.4e+001 1.0e+000
m_pred[55]      9.9e-001 6.9e-004 1.2e-001  7.9e-001  1.0e+000    1.1 2.9e+004 5.5e+001 1.0e+000
m_pred[56]      9.5e-001 5.7e-004 9.3e-002  7.8e-001  9.7e-001    1.1 2.7e+004 5.1e+001 1.0e+000
m_pred[57]      1.0e+000 7.8e-004 1.3e-001  8.1e-001  1.1e+000    1.2 2.9e+004 5.6e+001 1.0e+000
m_pred[58]      1.0e+000 7.4e-004 1.2e-001  8.1e-001  1.0e+000    1.2 2.8e+004 5.4e+001 1.0e+000
m_pred[59]      1.0e+000 6.1e-004 1.0e-001  8.1e-001  1.0e+000    1.1 2.6e+004 5.0e+001 1.0e+000
m_pred[60]      8.9e-001 3.3e-004 5.4e-002  7.9e-001  9.1e-001   0.95 2.7e+004 5.1e+001 1.0e+000
m_pred[61]      8.6e-001 2.8e-004 5.4e-002  7.6e-001  8.7e-001   0.92 3.8e+004 7.2e+001 1.0e+000
m_pred[62]      8.7e-001 2.8e-004 4.9e-002  7.8e-001  8.9e-001   0.93 3.0e+004 5.8e+001 1.0e+000
m_pred[63]      8.7e-001 2.7e-004 4.9e-002  7.7e-001  8.8e-001   0.92 3.2e+004 6.1e+001 1.0e+000
m_pred[64]      9.2e-001 3.7e-004 5.6e-002  8.0e-001  9.4e-001   0.98 2.4e+004 4.5e+001 1.0e+000
m_pred[65]      8.3e-001 1.9e-004 3.9e-002  7.6e-001  8.5e-001   0.88 4.2e+004 8.0e+001 1.0e+000
m_pred[66]      9.1e-001 3.1e-004 4.8e-002  8.0e-001  9.3e-001   0.96 2.4e+004 4.5e+001 1.0e+000
m_pred[67]      8.9e-001 2.6e-004 3.9e-002  8.0e-001  9.0e-001   0.92 2.3e+004 4.4e+001 1.0e+000
m_pred[68]      9.7e-001 5.0e-004 8.9e-002  8.2e-001  9.8e-001    1.1 3.2e+004 6.1e+001 1.0e+000
m_pred[69]      1.0e+000 6.4e-004 1.2e-001  8.3e-001  1.0e+000    1.2 3.5e+004 6.7e+001 1.0e+000
m_pred[70]      1.1e+000 7.3e-004 1.3e-001  8.5e-001  1.1e+000    1.3 3.2e+004 6.1e+001 1.0e+000
m_pred[71]      1.1e+000 6.9e-004 1.2e-001  8.5e-001  1.1e+000    1.2 3.1e+004 5.9e+001 1.0e+000
m_pred[72]      1.0e+000 6.0e-004 1.0e-001  8.4e-001  1.0e+000    1.2 2.8e+004 5.4e+001 1.0e+000
m_pred[73]      1.0e+000 4.9e-004 7.8e-002  8.4e-001  1.0e+000    1.1 2.5e+004 4.8e+001 1.0e+000
m_pred[74]      1.0e+000 5.2e-004 8.3e-002  8.4e-001  1.0e+000    1.1 2.6e+004 4.9e+001 1.0e+000
m_pred[75]      9.1e-001 2.8e-004 4.5e-002  8.2e-001  9.3e-001   0.96 2.6e+004 5.0e+001 1.0e+000
m_pred[76]      9.5e-001 3.4e-004 5.1e-002  8.4e-001  9.7e-001    1.0 2.3e+004 4.3e+001 1.0e+000
m_pred[77]      9.1e-001 2.6e-004 4.3e-002  8.2e-001  9.3e-001   0.95 2.7e+004 5.2e+001 1.0e+000
m_pred[78]      9.2e-001 2.8e-004 4.3e-002  8.3e-001  9.4e-001   0.97 2.4e+004 4.6e+001 1.0e+000
m_pred[79]      1.2e+000 1.1e-003 2.0e-001  8.9e-001  1.2e+000    1.6 3.3e+004 6.3e+001 1.0e+000
m_pred[80]      1.1e+000 6.3e-004 1.0e-001  8.8e-001  1.1e+000    1.2 2.6e+004 4.9e+001 1.0e+000
m_pred[81]      1.1e+000 7.1e-004 1.2e-001  8.8e-001  1.1e+000    1.3 2.7e+004 5.2e+001 1.0e+000
m_pred[82]      1.1e+000 6.7e-004 1.1e-001  8.8e-001  1.1e+000    1.2 2.6e+004 5.0e+001 1.0e+000
m_pred[83]      1.1e+000 8.2e-004 1.4e-001  8.9e-001  1.2e+000    1.4 2.9e+004 5.6e+001 1.0e+000
m_pred[84]      1.2e+000 8.5e-004 1.4e-001  9.1e-001  1.2e+000    1.4 2.8e+004 5.3e+001 1.0e+000
m_pred[85]      1.2e+000 9.4e-004 1.6e-001  9.2e-001  1.2e+000    1.4 2.9e+004 5.5e+001 1.0e+000
m_pred[86]      1.2e+000 8.3e-004 1.4e-001  9.1e-001  1.2e+000    1.4 2.7e+004 5.1e+001 1.0e+000
m_pred[87]      1.2e+000 8.4e-004 1.4e-001  9.1e-001  1.2e+000    1.4 2.7e+004 5.1e+001 1.0e+000
m_pred[88]      1.3e+000 1.0e-003 1.7e-001  9.4e-001  1.3e+000    1.5 2.8e+004 5.3e+001 1.0e+000
m_pred[89]      1.1e+000 4.4e-004 6.7e-002  9.0e-001  1.1e+000    1.1 2.3e+004 4.5e+001 1.0e+000
m_pred[90]      9.5e-001 3.4e-004 8.0e-002  8.0e-001  9.7e-001    1.0 5.6e+004 1.1e+002 1.0e+000
m_pred[91]      8.5e-001 4.9e-004 1.3e-001  5.8e-001  8.9e-001   0.95 7.1e+004 1.4e+002 1.0e+000
m_pred[92]      7.0e-001 8.7e-004 2.2e-001  2.6e-001  7.9e-001   0.89 6.3e+004 1.2e+002 1.0e+000
m_pred[93]      6.7e-001 8.2e-004 1.9e-001  2.8e-001  7.3e-001   0.85 5.2e+004 9.9e+001 1.0e+000
m_pred[94]      6.6e-001 7.3e-004 1.6e-001  3.5e-001  7.0e-001   0.83 4.6e+004 8.9e+001 1.0e+000
m_pred[95]      7.2e-001 5.4e-004 1.2e-001  4.9e-001  7.5e-001   0.85 4.7e+004 8.9e+001 1.0e+000
m_pred[96]      7.1e-001 5.5e-004 1.2e-001  4.8e-001  7.4e-001   0.84 4.6e+004 8.7e+001 1.0e+000
m_pred[97]      7.2e-001 5.2e-004 1.1e-001  5.1e-001  7.4e-001   0.84 4.5e+004 8.7e+001 1.0e+000
m_pred[98]      7.2e-001 4.5e-004 9.1e-002  5.7e-001  7.3e-001   0.84 4.1e+004 7.9e+001 1.0e+000
m_pred[99]      7.5e-001 3.6e-004 7.3e-002  6.3e-001  7.5e-001   0.84 4.0e+004 7.7e+001 1.0e+000
m_pred[100]     7.5e-001 3.4e-004 6.9e-002  6.4e-001  7.6e-001   0.84 4.0e+004 7.7e+001 1.0e+000
P_pred[1]       1.0e+000 1.4e-015 4.4e-013  1.0e+000  1.0e+000    1.0 1.0e+005 1.9e+002 1.0e+000
P_pred[2]       7.2e-001 6.3e-005 1.7e-002  7.0e-001  7.2e-001   0.75 7.1e+004 1.4e+002 1.0e+000
P_pred[3]       2.8e-001 2.2e-004 4.9e-002  2.1e-001  2.8e-001   0.37 5.0e+004 9.5e+001 1.0e+000
P_pred[4]       1.8e-001 1.7e-004 4.0e-002  1.3e-001  1.8e-001   0.25 5.6e+004 1.1e+002 1.0e+000
P_pred[5]       1.8e-001 1.7e-004 4.2e-002  1.2e-001  1.7e-001   0.25 6.3e+004 1.2e+002 1.0e+000
P_pred[6]       1.7e-001 1.7e-004 4.6e-002  1.2e-001  1.7e-001   0.25 6.9e+004 1.3e+002 1.0e+000
P_pred[7]       1.3e-001 1.5e-004 3.7e-002  8.8e-002  1.3e-001   0.20 6.4e+004 1.2e+002 1.0e+000
P_pred[8]       1.1e-001 1.3e-004 3.4e-002  7.1e-002  1.0e-001   0.17 6.7e+004 1.3e+002 1.0e+000
P_pred[9]       1.1e-001 1.6e-004 4.2e-002  7.0e-002  1.1e-001   0.19 6.8e+004 1.3e+002 1.0e+000
P_pred[10]      9.8e-002 1.4e-004 3.7e-002  5.9e-002  9.0e-002   0.17 6.6e+004 1.3e+002 1.0e+000
P_pred[11]      1.0e-001 1.7e-004 4.5e-002  5.9e-002  9.2e-002   0.19 6.7e+004 1.3e+002 1.0e+000
P_pred[12]      9.0e-002 1.5e-004 3.9e-002  5.1e-002  8.1e-002   0.16 6.5e+004 1.2e+002 1.0e+000
P_pred[13]      9.8e-002 1.9e-004 5.0e-002  5.1e-002  8.4e-002   0.19 6.5e+004 1.3e+002 1.0e+000
P_pred[14]      1.0e-001 2.2e-004 5.6e-002  5.1e-002  8.5e-002   0.21 6.5e+004 1.2e+002 1.0e+000
P_pred[15]      1.1e-001 2.6e-004 6.6e-002  5.1e-002  8.9e-002   0.23 6.5e+004 1.2e+002 1.0e+000
P_pred[16]      9.2e-002 1.9e-004 4.7e-002  4.5e-002  7.8e-002   0.18 6.1e+004 1.2e+002 1.0e+000
P_pred[17]      9.9e-002 2.3e-004 5.8e-002  4.6e-002  8.2e-002   0.21 6.2e+004 1.2e+002 1.0e+000
P_pred[18]      1.0e-001 2.6e-004 6.4e-002  4.5e-002  8.3e-002   0.22 6.2e+004 1.2e+002 1.0e+000
P_pred[19]      1.1e-001 2.9e-004 7.3e-002  4.5e-002  8.6e-002   0.25 6.2e+004 1.2e+002 1.0e+000
P_pred[20]      9.1e-002 2.1e-004 5.1e-002  4.1e-002  7.6e-002   0.19 5.6e+004 1.1e+002 1.0e+000
P_pred[21]      8.1e-002 1.8e-004 4.4e-002  3.7e-002  7.0e-002   0.17 5.5e+004 1.1e+002 1.0e+000
P_pred[22]      8.9e-002 2.2e-004 5.4e-002  3.7e-002  7.3e-002   0.19 6.0e+004 1.1e+002 1.0e+000
P_pred[23]      7.9e-002 1.9e-004 4.5e-002  3.4e-002  6.7e-002   0.17 5.5e+004 1.1e+002 1.0e+000
P_pred[24]      8.5e-002 2.2e-004 5.3e-002  3.4e-002  7.0e-002   0.19 5.7e+004 1.1e+002 1.0e+000
P_pred[25]      9.2e-002 2.6e-004 6.4e-002  3.4e-002  7.3e-002   0.21 6.0e+004 1.1e+002 1.0e+000
P_pred[26]      9.9e-002 3.0e-004 7.4e-002  3.4e-002  7.6e-002   0.24 6.1e+004 1.2e+002 1.0e+000
P_pred[27]      8.4e-002 2.2e-004 5.2e-002  3.2e-002  6.9e-002   0.19 5.4e+004 1.0e+002 1.0e+000
P_pred[28]      8.9e-002 2.5e-004 6.0e-002  3.2e-002  7.2e-002   0.20 5.5e+004 1.1e+002 1.0e+000
P_pred[29]      9.3e-002 2.8e-004 6.6e-002  3.2e-002  7.4e-002   0.22 5.6e+004 1.1e+002 1.0e+000
P_pred[30]      1.0e-001 3.2e-004 7.5e-002  3.2e-002  7.7e-002   0.24 5.7e+004 1.1e+002 1.0e+000
P_pred[31]      8.4e-002 2.3e-004 5.4e-002  3.0e-002  7.0e-002   0.19 5.2e+004 1.0e+002 1.0e+000
P_pred[32]      9.1e-002 2.7e-004 6.4e-002  3.0e-002  7.4e-002   0.21 5.4e+004 1.0e+002 1.0e+000
P_pred[33]      9.5e-002 3.0e-004 6.9e-002  3.0e-002  7.6e-002   0.23 5.5e+004 1.0e+002 1.0e+000
P_pred[34]      9.9e-002 3.1e-004 7.4e-002  2.9e-002  7.8e-002   0.24 5.5e+004 1.0e+002 1.0e+000
P_pred[35]      1.0e-001 3.3e-004 7.7e-002  2.9e-002  8.0e-002   0.25 5.5e+004 1.0e+002 1.0e+000
P_pred[36]      1.0e-001 3.4e-004 8.0e-002  2.9e-002  8.1e-002   0.26 5.5e+004 1.0e+002 1.0e+000
P_pred[37]      1.1e-001 3.8e-004 8.8e-002  2.9e-002  8.5e-002   0.28 5.5e+004 1.1e+002 1.0e+000
P_pred[38]      1.1e-001 3.8e-004 8.8e-002  2.9e-002  8.6e-002   0.28 5.4e+004 1.0e+002 1.0e+000
P_pred[39]      1.1e-001 3.8e-004 8.8e-002  2.9e-002  8.7e-002   0.28 5.4e+004 1.0e+002 1.0e+000
P_pred[40]      9.1e-002 2.7e-004 5.9e-002  2.7e-002  7.7e-002   0.20 4.9e+004 9.3e+001 1.0e+000
P_pred[41]      8.0e-002 2.2e-004 4.9e-002  2.6e-002  6.9e-002   0.17 4.8e+004 9.2e+001 1.0e+000
P_pred[42]      8.5e-002 2.5e-004 5.7e-002  2.5e-002  7.2e-002   0.19 5.1e+004 9.7e+001 1.0e+000
P_pred[43]      7.6e-002 2.2e-004 4.8e-002  2.4e-002  6.6e-002   0.17 4.9e+004 9.4e+001 1.0e+000
P_pred[44]      7.1e-002 2.0e-004 4.4e-002  2.3e-002  6.1e-002   0.15 4.9e+004 9.4e+001 1.0e+000
P_pred[45]      7.7e-002 2.3e-004 5.3e-002  2.3e-002  6.4e-002   0.18 5.2e+004 1.0e+002 1.0e+000
P_pred[46]      8.4e-002 2.7e-004 6.3e-002  2.3e-002  6.8e-002   0.20 5.4e+004 1.0e+002 1.0e+000
P_pred[47]      8.9e-002 3.0e-004 6.9e-002  2.3e-002  7.1e-002   0.22 5.5e+004 1.0e+002 1.0e+000
P_pred[48]      7.7e-002 2.3e-004 5.2e-002  2.2e-002  6.5e-002   0.18 5.0e+004 9.6e+001 1.0e+000
P_pred[49]      8.4e-002 2.7e-004 6.3e-002  2.2e-002  6.9e-002   0.20 5.3e+004 1.0e+002 1.0e+000
P_pred[50]      9.1e-002 3.1e-004 7.3e-002  2.2e-002  7.2e-002   0.23 5.4e+004 1.0e+002 1.0e+000
P_pred[51]      9.5e-002 3.3e-004 7.7e-002  2.2e-002  7.4e-002   0.24 5.4e+004 1.0e+002 1.0e+000
P_pred[52]      9.8e-002 3.4e-004 8.0e-002  2.2e-002  7.7e-002   0.25 5.4e+004 1.0e+002 1.0e+000
P_pred[53]      1.0e-001 3.6e-004 8.2e-002  2.2e-002  7.9e-002   0.26 5.3e+004 1.0e+002 1.0e+000
P_pred[54]      8.4e-002 2.6e-004 5.7e-002  2.1e-002  7.1e-002   0.19 4.8e+004 9.2e+001 1.0e+000
P_pred[55]      7.5e-002 2.2e-004 4.9e-002  2.0e-002  6.5e-002   0.17 4.7e+004 9.1e+001 1.0e+000
P_pred[56]      8.1e-002 2.6e-004 5.7e-002  2.0e-002  6.8e-002   0.19 5.0e+004 9.6e+001 1.0e+000
P_pred[57]      7.3e-002 2.2e-004 4.8e-002  1.9e-002  6.3e-002   0.16 4.8e+004 9.2e+001 1.0e+000
P_pred[58]      8.0e-002 2.6e-004 5.9e-002  1.9e-002  6.6e-002   0.19 5.1e+004 9.8e+001 1.0e+000
P_pred[59]      7.2e-002 2.2e-004 4.9e-002  1.9e-002  6.2e-002   0.17 4.9e+004 9.3e+001 1.0e+000
P_pred[60]      6.8e-002 2.0e-004 4.5e-002  1.8e-002  5.8e-002   0.15 4.8e+004 9.3e+001 1.0e+000
P_pred[61]      7.4e-002 2.4e-004 5.4e-002  1.8e-002  6.1e-002   0.18 5.1e+004 9.8e+001 1.0e+000
P_pred[62]      7.9e-002 2.7e-004 6.2e-002  1.8e-002  6.4e-002   0.19 5.3e+004 1.0e+002 1.0e+000
P_pred[63]      8.6e-002 3.1e-004 7.2e-002  1.8e-002  6.8e-002   0.22 5.4e+004 1.0e+002 1.0e+000
P_pred[64]      7.5e-002 2.4e-004 5.4e-002  1.7e-002  6.3e-002   0.18 4.9e+004 9.4e+001 1.0e+000
P_pred[65]      6.9e-002 2.2e-004 4.7e-002  1.7e-002  5.9e-002   0.16 4.8e+004 9.2e+001 1.0e+000
P_pred[66]      7.5e-002 2.5e-004 5.6e-002  1.7e-002  6.2e-002   0.18 5.1e+004 9.7e+001 1.0e+000
P_pred[67]      8.3e-002 2.9e-004 6.7e-002  1.7e-002  6.6e-002   0.21 5.3e+004 1.0e+002 1.0e+000
P_pred[68]      8.9e-002 3.3e-004 7.6e-002  1.7e-002  7.0e-002   0.23 5.4e+004 1.0e+002 1.0e+000
P_pred[69]      9.3e-002 3.4e-004 7.9e-002  1.7e-002  7.2e-002   0.24 5.4e+004 1.0e+002 1.0e+000
P_pred[70]      7.9e-002 2.6e-004 5.7e-002  1.6e-002  6.6e-002   0.19 4.8e+004 9.2e+001 1.0e+000
P_pred[71]      8.6e-002 3.0e-004 6.7e-002  1.7e-002  7.0e-002   0.21 5.1e+004 9.7e+001 1.0e+000
P_pred[72]      9.0e-002 3.2e-004 7.2e-002  1.6e-002  7.2e-002   0.23 5.1e+004 9.8e+001 1.0e+000
P_pred[73]      9.7e-002 3.6e-004 8.2e-002  1.7e-002  7.5e-002   0.25 5.3e+004 1.0e+002 1.0e+000
P_pred[74]      9.9e-002 3.7e-004 8.4e-002  1.7e-002  7.8e-002   0.26 5.2e+004 1.0e+002 1.0e+000
P_pred[75]      8.2e-002 2.7e-004 5.9e-002  1.6e-002  7.0e-002   0.19 4.7e+004 9.0e+001 1.0e+000
P_pred[76]      8.7e-002 3.0e-004 6.6e-002  1.6e-002  7.2e-002   0.21 4.9e+004 9.3e+001 1.0e+000
P_pred[77]      9.1e-002 3.2e-004 7.1e-002  1.6e-002  7.4e-002   0.23 5.0e+004 9.5e+001 1.0e+000
P_pred[78]      9.8e-002 3.6e-004 8.1e-002  1.6e-002  7.8e-002   0.25 5.1e+004 9.8e+001 1.0e+000
P_pred[79]      8.2e-002 2.7e-004 5.8e-002  1.6e-002  7.0e-002   0.19 4.6e+004 8.9e+001 1.0e+000
P_pred[80]      7.4e-002 2.3e-004 5.0e-002  1.5e-002  6.4e-002   0.17 4.6e+004 8.7e+001 1.0e+000
P_pred[81]      8.1e-002 2.7e-004 6.0e-002  1.5e-002  6.8e-002   0.19 4.9e+004 9.3e+001 1.0e+000
P_pred[82]      8.8e-002 3.1e-004 7.0e-002  1.5e-002  7.2e-002   0.22 5.1e+004 9.7e+001 1.0e+000
P_pred[83]      9.2e-002 3.3e-004 7.5e-002  1.5e-002  7.4e-002   0.23 5.1e+004 9.8e+001 1.0e+000
P_pred[84]      7.9e-002 2.6e-004 5.6e-002  1.5e-002  6.7e-002   0.18 4.7e+004 8.9e+001 1.0e+000
P_pred[85]      8.6e-002 3.0e-004 6.6e-002  1.5e-002  7.1e-002   0.21 4.9e+004 9.5e+001 1.0e+000
P_pred[86]      9.3e-002 3.3e-004 7.6e-002  1.5e-002  7.5e-002   0.23 5.1e+004 9.8e+001 1.0e+000
P_pred[87]      9.9e-002 3.7e-004 8.5e-002  1.5e-002  7.8e-002   0.26 5.2e+004 1.0e+002 1.0e+000
P_pred[88]      8.2e-002 2.7e-004 5.9e-002  1.5e-002  7.0e-002   0.19 4.7e+004 8.9e+001 1.0e+000
P_pred[89]      7.4e-002 2.4e-004 5.0e-002  1.4e-002  6.5e-002   0.17 4.5e+004 8.7e+001 1.0e+000
P_pred[90]      7.9e-002 2.7e-004 5.8e-002  1.4e-002  6.7e-002   0.19 4.8e+004 9.2e+001 1.0e+000
P_pred[91]      8.4e-002 2.9e-004 6.5e-002  1.4e-002  7.0e-002   0.21 5.0e+004 9.5e+001 1.0e+000
P_pred[92]      8.9e-002 3.2e-004 7.1e-002  1.4e-002  7.2e-002   0.22 5.0e+004 9.6e+001 1.0e+000
P_pred[93]      7.7e-002 2.5e-004 5.4e-002  1.4e-002  6.6e-002   0.18 4.6e+004 8.9e+001 1.0e+000
P_pred[94]      7.0e-002 2.2e-004 4.8e-002  1.4e-002  6.2e-002   0.16 4.6e+004 8.7e+001 1.0e+000
P_pred[95]      7.6e-002 2.6e-004 5.6e-002  1.4e-002  6.4e-002   0.18 4.9e+004 9.3e+001 1.0e+000
P_pred[96]      8.1e-002 2.8e-004 6.4e-002  1.4e-002  6.7e-002   0.20 5.0e+004 9.6e+001 1.0e+000
P_pred[97]      8.8e-002 3.2e-004 7.4e-002  1.4e-002  7.1e-002   0.23 5.2e+004 9.9e+001 1.0e+000
P_pred[98]      7.6e-002 2.5e-004 5.5e-002  1.3e-002  6.5e-002   0.18 4.7e+004 9.0e+001 1.0e+000
P_pred[99]      8.2e-002 2.8e-004 6.2e-002  1.3e-002  6.8e-002   0.20 4.9e+004 9.4e+001 1.0e+000
P_pred[100]     8.9e-002 3.2e-004 7.3e-002  1.3e-002  7.1e-002   0.22 5.1e+004 9.7e+001 1.0e+000
K               1.3e-002 4.8e-005 1.1e-002  2.1e-003  1.1e-002  0.034 5.0e+004 9.5e+001 1.0e+000
x[1]            5.6e-001 1.1e-003 2.8e-001  4.5e-002  5.9e-001   0.95 6.3e+004 1.2e+002 1.0e+000
x[2]            5.5e-001 1.1e-003 2.8e-001  5.3e-002  5.8e-001   0.94 6.1e+004 1.2e+002 1.0e+000
x[3]            5.6e-001 1.1e-003 2.7e-001  7.5e-002  5.8e-001   0.94 6.0e+004 1.1e+002 1.0e+000
x[4]            5.7e-001 1.0e-003 2.6e-001  1.1e-001  6.0e-001   0.94 6.0e+004 1.2e+002 1.0e+000
x[5]            5.9e-001 9.7e-004 2.4e-001  1.6e-001  6.2e-001   0.95 6.3e+004 1.2e+002 1.0e+000
x[6]            6.3e-001 8.8e-004 2.3e-001  2.3e-001  6.5e-001   0.97 6.7e+004 1.3e+002 1.0e+000
x[7]            6.3e-001 8.5e-004 2.2e-001  2.4e-001  6.5e-001   0.96 6.8e+004 1.3e+002 1.0e+000
x[8]            6.4e-001 8.2e-004 2.2e-001  2.6e-001  6.6e-001   0.97 7.2e+004 1.4e+002 1.0e+000
x[9]            6.6e-001 7.9e-004 2.1e-001  2.8e-001  6.7e-001   0.98 7.4e+004 1.4e+002 1.0e+000
x[10]           6.6e-001 7.8e-004 2.1e-001  2.9e-001  6.8e-001   0.98 7.6e+004 1.4e+002 1.0e+000
x[11]           6.7e-001 7.7e-004 2.1e-001  2.9e-001  6.8e-001   0.99 7.7e+004 1.5e+002 1.0e+000
x[12]           6.7e-001 7.7e-004 2.2e-001  3.0e-001  6.9e-001   1.00 7.9e+004 1.5e+002 1.0e+000
x[13]           6.8e-001 7.6e-004 2.2e-001  3.1e-001  7.0e-001    1.0 8.1e+004 1.5e+002 1.0e+000
x[14]           6.9e-001 7.4e-004 2.1e-001  3.2e-001  7.1e-001    1.0 8.4e+004 1.6e+002 1.0e+000
x[15]           7.1e-001 7.1e-004 2.1e-001  3.5e-001  7.2e-001    1.0 8.7e+004 1.7e+002 1.0e+000
x[16]           7.2e-001 7.1e-004 2.1e-001  3.6e-001  7.3e-001    1.0 8.8e+004 1.7e+002 1.0e+000
x[17]           7.3e-001 7.0e-004 2.1e-001  3.8e-001  7.4e-001    1.1 8.9e+004 1.7e+002 1.0e+000
x[18]           7.5e-001 6.9e-004 2.1e-001  4.0e-001  7.5e-001    1.1 9.1e+004 1.7e+002 1.0e+000
x[19]           7.6e-001 6.6e-004 2.0e-001  4.2e-001  7.6e-001    1.1 9.3e+004 1.8e+002 1.0e+000
x[20]           7.6e-001 6.5e-004 2.0e-001  4.2e-001  7.6e-001    1.1 9.4e+004 1.8e+002 1.0e+000
x[21]           7.5e-001 6.6e-004 2.0e-001  4.1e-001  7.6e-001    1.1 9.3e+004 1.8e+002 1.0e+000
x[22]           7.4e-001 6.8e-004 2.0e-001  3.9e-001  7.5e-001    1.1 9.0e+004 1.7e+002 1.0e+000
x[23]           7.6e-001 6.8e-004 2.1e-001  4.1e-001  7.7e-001    1.1 9.3e+004 1.8e+002 1.0e+000
x[24]           7.7e-001 6.8e-004 2.1e-001  4.3e-001  7.8e-001    1.1 9.3e+004 1.8e+002 1.0e+000
x[25]           7.8e-001 6.6e-004 2.1e-001  4.4e-001  7.9e-001    1.1 9.8e+004 1.9e+002 1.0e+000
x[26]           7.9e-001 6.6e-004 2.0e-001  4.5e-001  7.9e-001    1.1 9.6e+004 1.8e+002 1.0e+000
x[27]           7.9e-001 6.6e-004 2.1e-001  4.4e-001  7.9e-001    1.1 9.9e+004 1.9e+002 1.0e+000
x[28]           7.9e-001 6.6e-004 2.1e-001  4.4e-001  8.0e-001    1.1 1.0e+005 1.9e+002 1.0e+000
x[29]           8.0e-001 6.6e-004 2.1e-001  4.6e-001  8.0e-001    1.1 1.0e+005 1.9e+002 1.0e+000
x[30]           8.1e-001 6.6e-004 2.1e-001  4.8e-001  8.1e-001    1.2 1.0e+005 1.9e+002 1.0e+000
x[31]           8.2e-001 6.7e-004 2.1e-001  4.8e-001  8.2e-001    1.2 1.0e+005 1.9e+002 1.0e+000
x[32]           8.3e-001 6.7e-004 2.1e-001  4.9e-001  8.3e-001    1.2 1.0e+005 1.9e+002 1.0e+000
x[33]           8.3e-001 6.8e-004 2.1e-001  4.9e-001  8.3e-001    1.2 1.0e+005 1.9e+002 1.0e+000
x[34]           8.4e-001 6.8e-004 2.1e-001  5.0e-001  8.4e-001    1.2 1.0e+005 1.9e+002 1.0e+000
x[35]           8.6e-001 6.8e-004 2.1e-001  5.2e-001  8.5e-001    1.2 9.9e+004 1.9e+002 1.0e+000
x[36]           8.7e-001 6.8e-004 2.1e-001  5.4e-001  8.6e-001    1.2 9.9e+004 1.9e+002 1.0e+000
x[37]           8.8e-001 6.6e-004 2.1e-001  5.5e-001  8.7e-001    1.2 9.9e+004 1.9e+002 1.0e+000
x[38]           8.8e-001 6.6e-004 2.0e-001  5.7e-001  8.7e-001    1.2 9.7e+004 1.8e+002 1.0e+000
x[39]           8.9e-001 6.5e-004 2.0e-001  5.8e-001  8.8e-001    1.2 9.5e+004 1.8e+002 1.0e+000
x[40]           9.0e-001 6.6e-004 2.0e-001  6.0e-001  8.9e-001    1.2 8.9e+004 1.7e+002 1.0e+000
x[41]           9.1e-001 6.6e-004 2.0e-001  6.0e-001  8.9e-001    1.3 9.0e+004 1.7e+002 1.0e+000
x[42]           9.2e-001 6.8e-004 2.0e-001  6.2e-001  9.1e-001    1.3 8.7e+004 1.7e+002 1.0e+000
x[43]           9.4e-001 7.1e-004 2.1e-001  6.3e-001  9.2e-001    1.3 8.4e+004 1.6e+002 1.0e+000
x[44]           9.4e-001 7.4e-004 2.1e-001  6.4e-001  9.2e-001    1.3 8.2e+004 1.6e+002 1.0e+000
x[45]           9.5e-001 7.6e-004 2.2e-001  6.4e-001  9.3e-001    1.3 8.0e+004 1.5e+002 1.0e+000
x[46]           9.6e-001 7.7e-004 2.2e-001  6.4e-001  9.3e-001    1.3 7.9e+004 1.5e+002 1.0e+000
x[47]           9.6e-001 7.8e-004 2.2e-001  6.5e-001  9.4e-001    1.3 7.7e+004 1.5e+002 1.0e+000
x[48]           9.7e-001 8.0e-004 2.2e-001  6.5e-001  9.4e-001    1.4 7.7e+004 1.5e+002 1.0e+000
x[49]           9.7e-001 8.1e-004 2.2e-001  6.5e-001  9.5e-001    1.4 7.5e+004 1.4e+002 1.0e+000
x[50]           9.7e-001 8.2e-004 2.2e-001  6.6e-001  9.5e-001    1.4 7.4e+004 1.4e+002 1.0e+000
x[51]           9.7e-001 8.1e-004 2.2e-001  6.6e-001  9.5e-001    1.4 7.4e+004 1.4e+002 1.0e+000
x[52]           9.8e-001 8.0e-004 2.2e-001  6.6e-001  9.6e-001    1.4 7.3e+004 1.4e+002 1.0e+000
x[53]           9.8e-001 7.9e-004 2.1e-001  6.7e-001  9.6e-001    1.4 7.2e+004 1.4e+002 1.0e+000
x[54]           9.6e-001 7.4e-004 2.0e-001  6.6e-001  9.5e-001    1.3 7.7e+004 1.5e+002 1.0e+000
x[55]           9.6e-001 7.2e-004 2.0e-001  6.6e-001  9.4e-001    1.3 7.9e+004 1.5e+002 1.0e+000
x[56]           9.6e-001 7.3e-004 2.0e-001  6.6e-001  9.4e-001    1.3 7.7e+004 1.5e+002 1.0e+000
x[57]           9.5e-001 6.9e-004 2.0e-001  6.5e-001  9.3e-001    1.3 8.4e+004 1.6e+002 1.0e+000
x[58]           9.4e-001 6.7e-004 2.0e-001  6.4e-001  9.3e-001    1.3 8.5e+004 1.6e+002 1.0e+000
x[59]           9.3e-001 6.8e-004 2.0e-001  6.2e-001  9.2e-001    1.3 8.3e+004 1.6e+002 1.0e+000
x[60]           9.3e-001 7.0e-004 2.0e-001  6.2e-001  9.2e-001    1.3 8.3e+004 1.6e+002 1.0e+000
x[61]           9.4e-001 7.1e-004 2.0e-001  6.3e-001  9.3e-001    1.3 8.3e+004 1.6e+002 1.0e+000
x[62]           9.4e-001 7.0e-004 2.0e-001  6.3e-001  9.3e-001    1.3 8.5e+004 1.6e+002 1.0e+000
x[63]           9.5e-001 7.0e-004 2.0e-001  6.5e-001  9.4e-001    1.3 8.4e+004 1.6e+002 1.0e+000
x[64]           9.5e-001 7.2e-004 2.1e-001  6.5e-001  9.4e-001    1.3 8.2e+004 1.6e+002 1.0e+000
x[65]           9.7e-001 7.6e-004 2.2e-001  6.6e-001  9.5e-001    1.4 8.0e+004 1.5e+002 1.0e+000
x[66]           9.8e-001 8.0e-004 2.2e-001  6.6e-001  9.6e-001    1.4 7.8e+004 1.5e+002 1.0e+000
x[67]           9.9e-001 8.3e-004 2.3e-001  6.7e-001  9.6e-001    1.4 7.6e+004 1.4e+002 1.0e+000
x[68]           9.9e-001 8.4e-004 2.3e-001  6.7e-001  9.7e-001    1.4 7.5e+004 1.4e+002 1.0e+000
x[69]           9.9e-001 8.2e-004 2.3e-001  6.7e-001  9.6e-001    1.4 7.6e+004 1.5e+002 1.0e+000
x[70]           9.8e-001 8.1e-004 2.3e-001  6.5e-001  9.6e-001    1.4 7.9e+004 1.5e+002 1.0e+000
x[71]           9.7e-001 8.0e-004 2.3e-001  6.4e-001  9.5e-001    1.4 8.0e+004 1.5e+002 1.0e+000
x[72]           9.7e-001 7.9e-004 2.2e-001  6.4e-001  9.5e-001    1.4 8.1e+004 1.6e+002 1.0e+000
x[73]           9.7e-001 7.8e-004 2.2e-001  6.4e-001  9.5e-001    1.4 8.1e+004 1.5e+002 1.0e+000
x[74]           9.6e-001 7.6e-004 2.2e-001  6.4e-001  9.4e-001    1.3 8.2e+004 1.6e+002 1.0e+000
x[75]           9.7e-001 7.9e-004 2.2e-001  6.5e-001  9.5e-001    1.4 8.0e+004 1.5e+002 1.0e+000
x[76]           9.8e-001 8.1e-004 2.3e-001  6.5e-001  9.5e-001    1.4 7.9e+004 1.5e+002 1.0e+000
x[77]           9.8e-001 8.4e-004 2.3e-001  6.6e-001  9.6e-001    1.4 7.6e+004 1.5e+002 1.0e+000
x[78]           9.9e-001 8.9e-004 2.4e-001  6.6e-001  9.6e-001    1.4 7.0e+004 1.3e+002 1.0e+000
x[79]           9.7e-001 8.0e-004 2.3e-001  6.4e-001  9.5e-001    1.4 7.9e+004 1.5e+002 1.0e+000
x[80]           9.6e-001 8.1e-004 2.3e-001  6.3e-001  9.4e-001    1.4 8.0e+004 1.5e+002 1.0e+000
x[81]           9.5e-001 7.9e-004 2.3e-001  6.2e-001  9.3e-001    1.4 8.3e+004 1.6e+002 1.0e+000
x[82]           9.4e-001 7.7e-004 2.3e-001  6.1e-001  9.2e-001    1.3 8.6e+004 1.6e+002 1.0e+000
x[83]           9.2e-001 7.4e-004 2.2e-001  5.9e-001  9.1e-001    1.3 8.9e+004 1.7e+002 1.0e+000
x[84]           9.0e-001 7.2e-004 2.2e-001  5.6e-001  8.9e-001    1.3 9.3e+004 1.8e+002 1.0e+000
x[85]           8.7e-001 6.8e-004 2.1e-001  5.3e-001  8.7e-001    1.2 9.8e+004 1.9e+002 1.0e+000
x[86]           8.5e-001 6.7e-004 2.1e-001  5.0e-001  8.5e-001    1.2 9.9e+004 1.9e+002 1.0e+000
x[87]           8.2e-001 6.7e-004 2.1e-001  4.6e-001  8.3e-001    1.2 9.7e+004 1.9e+002 1.0e+000
x[88]           7.7e-001 7.3e-004 2.2e-001  3.8e-001  7.9e-001    1.1 9.1e+004 1.7e+002 1.0e+000
x[89]           7.4e-001 8.2e-004 2.4e-001  3.1e-001  7.7e-001    1.1 8.5e+004 1.6e+002 1.0e+000
x[90]           7.2e-001 8.8e-004 2.5e-001  2.7e-001  7.5e-001    1.1 8.2e+004 1.6e+002 1.0e+000
x[91]           7.1e-001 9.2e-004 2.5e-001  2.4e-001  7.5e-001    1.1 7.7e+004 1.5e+002 1.0e+000
x[92]           7.2e-001 8.9e-004 2.5e-001  2.6e-001  7.5e-001    1.1 7.8e+004 1.5e+002 1.0e+000
x[93]           7.3e-001 8.7e-004 2.4e-001  2.8e-001  7.5e-001    1.1 7.9e+004 1.5e+002 1.0e+000
x[94]           7.4e-001 8.6e-004 2.5e-001  2.9e-001  7.6e-001    1.1 8.2e+004 1.6e+002 1.0e+000
x[95]           7.4e-001 8.8e-004 2.5e-001  2.9e-001  7.6e-001    1.1 8.3e+004 1.6e+002 1.0e+000
x[96]           7.4e-001 8.8e-004 2.6e-001  2.8e-001  7.7e-001    1.1 8.6e+004 1.7e+002 1.0e+000
x[97]           7.5e-001 8.6e-004 2.6e-001  2.7e-001  7.7e-001    1.1 9.4e+004 1.8e+002 1.0e+000
x[98]           7.5e-001 9.2e-004 2.8e-001  2.6e-001  7.7e-001    1.2 8.9e+004 1.7e+002 1.0e+000
x[99]           7.5e-001 9.6e-004 2.9e-001  2.3e-001  7.7e-001    1.2 9.1e+004 1.7e+002 1.0e+000
x[100]          7.5e-001 9.8e-004 3.0e-001  2.1e-001  7.7e-001    1.2 9.6e+004 1.8e+002 1.0e+000
z[1]            7.5e-001 1.8e-003 5.2e-001 -6.7e-002  7.3e-001    1.6 8.0e+004 1.5e+002 1.0e+000
z[2]            2.7e-001 1.3e-003 3.7e-001 -3.7e-001  2.8e-001   0.86 8.4e+004 1.6e+002 1.0e+000
z[3]            2.8e-001 1.3e-003 3.7e-001 -3.6e-001  2.9e-001   0.86 8.4e+004 1.6e+002 1.0e+000
z[4]            4.1e-001 1.7e-003 5.0e-001 -4.5e-001  4.4e-001    1.2 8.6e+004 1.7e+002 1.0e+000
z[5]            2.5e-001 1.8e-003 5.2e-001 -6.8e-001  3.0e-001    1.0 8.1e+004 1.5e+002 1.0e+000
z[6]            1.2e+000 1.7e-003 4.1e-001  5.8e-001  1.2e+000    1.9 5.8e+004 1.1e+002 1.0e+000
z[7]            5.4e-001 1.1e-003 3.5e-001 -4.4e-002  5.5e-001    1.1 9.5e+004 1.8e+002 1.0e+000
z[8]            4.6e-001 1.6e-003 4.9e-001 -3.9e-001  4.9e-001    1.2 9.2e+004 1.8e+002 1.0e+000
z[9]            8.4e-001 1.2e-003 3.5e-001  2.8e-001  8.3e-001    1.4 9.2e+004 1.8e+002 1.0e+000
z[10]           7.0e-001 1.5e-003 4.7e-001 -7.9e-002  7.0e-001    1.5 9.5e+004 1.8e+002 1.0e+000
z[11]           6.0e-001 1.1e-003 3.4e-001  2.0e-002  6.1e-001    1.2 9.7e+004 1.9e+002 1.0e+000
z[12]           6.0e-001 1.6e-003 4.9e-001 -2.4e-001  6.2e-001    1.4 9.3e+004 1.8e+002 1.0e+000
z[13]           6.4e-001 1.5e-003 4.7e-001 -1.6e-001  6.5e-001    1.4 9.5e+004 1.8e+002 1.0e+000
z[14]           5.5e-001 1.6e-003 5.0e-001 -3.1e-001  5.8e-001    1.3 9.5e+004 1.8e+002 1.0e+000
z[15]           8.2e-001 1.1e-003 3.4e-001  2.6e-001  8.2e-001    1.4 9.4e+004 1.8e+002 1.0e+000
z[16]           6.8e-001 1.6e-003 4.9e-001 -1.4e-001  6.9e-001    1.5 9.8e+004 1.9e+002 1.0e+000
z[17]           7.5e-001 1.5e-003 4.7e-001 -2.3e-002  7.5e-001    1.5 1.0e+005 1.9e+002 1.0e+000
z[18]           8.3e-001 1.6e-003 4.9e-001  4.2e-002  8.2e-001    1.6 9.7e+004 1.8e+002 1.0e+000
z[19]           9.5e-001 1.1e-003 3.5e-001  4.0e-001  9.4e-001    1.5 9.3e+004 1.8e+002 1.0e+000
z[20]           8.5e-001 1.1e-003 3.4e-001  2.9e-001  8.4e-001    1.4 9.8e+004 1.9e+002 1.0e+000
z[21]           8.1e-001 1.5e-003 4.9e-001  3.2e-002  8.0e-001    1.6 9.9e+004 1.9e+002 1.0e+000
z[22]           2.3e-001 1.5e-003 3.9e-001 -4.5e-001  2.5e-001   0.84 6.7e+004 1.3e+002 1.0e+000
z[23]           8.3e-001 1.5e-003 4.7e-001  6.6e-002  8.2e-001    1.6 9.9e+004 1.9e+002 1.0e+000
z[24]           9.1e-001 1.6e-003 4.9e-001  1.3e-001  8.9e-001    1.7 9.6e+004 1.8e+002 1.0e+000
z[25]           8.8e-001 1.5e-003 4.9e-001  9.5e-002  8.6e-001    1.7 1.0e+005 1.9e+002 1.0e+000
z[26]           8.9e-001 1.1e-003 3.5e-001  3.3e-001  8.9e-001    1.5 9.7e+004 1.8e+002 1.0e+000
z[27]           6.8e-001 1.5e-003 4.7e-001 -1.2e-001  7.0e-001    1.4 9.9e+004 1.9e+002 1.0e+000
z[28]           6.6e-001 1.5e-003 4.8e-001 -1.6e-001  6.8e-001    1.4 9.7e+004 1.8e+002 1.0e+000
z[29]           7.0e-001 1.6e-003 4.9e-001 -1.4e-001  7.2e-001    1.5 9.9e+004 1.9e+002 1.0e+000
z[30]           9.2e-001 1.1e-003 3.5e-001  3.6e-001  9.2e-001    1.5 1.0e+005 1.9e+002 1.0e+000
z[31]           8.1e-001 1.6e-003 4.9e-001 -4.7e-003  8.2e-001    1.6 1.0e+005 1.9e+002 1.0e+000
z[32]           9.8e-001 1.5e-003 4.8e-001  2.3e-001  9.6e-001    1.8 9.8e+004 1.9e+002 1.0e+000
z[33]           6.7e-001 1.5e-003 4.8e-001 -1.6e-001  7.0e-001    1.4 9.8e+004 1.9e+002 1.0e+000
z[34]           7.9e-001 1.5e-003 4.7e-001 -4.6e-003  8.0e-001    1.6 9.9e+004 1.9e+002 1.0e+000
z[35]           8.7e-001 1.5e-003 4.7e-001  9.3e-002  8.7e-001    1.6 1.0e+005 1.9e+002 1.0e+000
z[36]           9.6e-001 1.6e-003 4.9e-001  1.7e-001  9.5e-001    1.8 1.0e+005 1.9e+002 1.0e+000
z[37]           8.7e-001 1.5e-003 4.7e-001  9.5e-002  8.8e-001    1.6 9.9e+004 1.9e+002 1.0e+000
z[38]           8.7e-001 1.5e-003 4.7e-001  9.9e-002  8.7e-001    1.6 1.0e+005 1.9e+002 1.0e+000
z[39]           9.3e-001 1.1e-003 3.4e-001  3.6e-001  9.3e-001    1.5 1.0e+005 1.9e+002 1.0e+000
z[40]           9.2e-001 1.1e-003 3.4e-001  3.6e-001  9.2e-001    1.5 9.9e+004 1.9e+002 1.0e+000
z[41]           7.7e-001 1.5e-003 4.7e-001 -4.6e-002  7.9e-001    1.5 9.4e+004 1.8e+002 1.0e+000
z[42]           8.9e-001 1.1e-003 3.4e-001  3.3e-001  9.0e-001    1.5 9.5e+004 1.8e+002 1.0e+000
z[43]           1.2e+000 1.1e-003 3.5e-001  6.0e-001  1.1e+000    1.7 9.5e+004 1.8e+002 1.0e+000
z[44]           9.6e-001 1.5e-003 4.7e-001  1.9e-001  9.6e-001    1.7 9.7e+004 1.9e+002 1.0e+000
z[45]           1.0e+000 1.6e-003 4.9e-001  2.3e-001  1.0e+000    1.8 9.7e+004 1.8e+002 1.0e+000
z[46]           9.1e-001 1.6e-003 4.7e-001  1.2e-001  9.2e-001    1.7 9.2e+004 1.8e+002 1.0e+000
z[47]           1.1e+000 1.1e-003 3.5e-001  5.1e-001  1.1e+000    1.7 9.8e+004 1.9e+002 1.0e+000
z[48]           9.1e-001 1.6e-003 5.0e-001  8.5e-002  9.2e-001    1.7 9.3e+004 1.8e+002 1.0e+000
z[49]           1.0e+000 1.6e-003 4.9e-001  2.0e-001  1.0e+000    1.8 9.7e+004 1.9e+002 1.0e+000
z[50]           1.1e+000 1.5e-003 4.8e-001  3.2e-001  1.1e+000    1.9 9.7e+004 1.8e+002 1.0e+000
z[51]           8.8e-001 1.6e-003 4.8e-001  6.7e-002  8.9e-001    1.6 9.5e+004 1.8e+002 1.0e+000
z[52]           1.1e+000 1.5e-003 4.7e-001  3.3e-001  1.1e+000    1.9 9.6e+004 1.8e+002 1.0e+000
z[53]           1.3e+000 1.2e-003 3.6e-001  7.2e-001  1.3e+000    1.9 9.0e+004 1.7e+002 1.0e+000
z[54]           8.5e-001 1.2e-003 3.5e-001  2.6e-001  8.6e-001    1.4 9.0e+004 1.7e+002 1.0e+000
z[55]           8.4e-001 1.6e-003 4.7e-001  3.3e-002  8.6e-001    1.6 9.3e+004 1.8e+002 1.0e+000
z[56]           1.2e+000 1.2e-003 3.6e-001  6.8e-001  1.2e+000    1.8 8.9e+004 1.7e+002 1.0e+000
z[57]           9.1e-001 1.6e-003 4.9e-001  9.5e-002  9.2e-001    1.7 9.5e+004 1.8e+002 1.0e+000
z[58]           9.4e-001 1.1e-003 3.4e-001  3.7e-001  9.4e-001    1.5 9.6e+004 1.8e+002 1.0e+000
z[59]           6.5e-001 1.2e-003 3.6e-001  3.9e-002  6.7e-001    1.2 8.6e+004 1.6e+002 1.0e+000
z[60]           8.1e-001 1.5e-003 4.7e-001  7.6e-003  8.3e-001    1.6 9.5e+004 1.8e+002 1.0e+000
z[61]           9.7e-001 1.5e-003 4.7e-001  2.0e-001  9.7e-001    1.7 9.9e+004 1.9e+002 1.0e+000
z[62]           9.3e-001 1.6e-003 4.9e-001  1.2e-001  9.3e-001    1.7 9.7e+004 1.9e+002 1.0e+000
z[63]           1.1e+000 1.1e-003 3.4e-001  5.1e-001  1.1e+000    1.6 9.2e+004 1.8e+002 1.0e+000
z[64]           7.0e-001 1.2e-003 3.6e-001  8.9e-002  7.2e-001    1.3 8.2e+004 1.6e+002 1.0e+000
z[65]           1.2e+000 1.6e-003 4.8e-001  4.4e-001  1.2e+000    2.0 9.6e+004 1.8e+002 1.0e+000
z[66]           9.1e-001 1.6e-003 5.0e-001  8.3e-002  9.2e-001    1.7 9.4e+004 1.8e+002 1.0e+000
z[67]           1.2e+000 1.7e-003 5.1e-001  4.3e-001  1.2e+000    2.1 9.2e+004 1.8e+002 1.0e+000
z[68]           1.1e+000 1.5e-003 4.8e-001  3.5e-001  1.1e+000    1.9 9.7e+004 1.9e+002 1.0e+000
z[69]           1.2e+000 1.1e-003 3.5e-001  5.9e-001  1.1e+000    1.7 9.6e+004 1.8e+002 1.0e+000
z[70]           9.6e-001 1.6e-003 5.0e-001  1.4e-001  9.6e-001    1.8 9.7e+004 1.8e+002 1.0e+000
z[71]           9.2e-001 1.6e-003 4.8e-001  1.2e-001  9.3e-001    1.7 9.4e+004 1.8e+002 1.0e+000
z[72]           8.9e-001 1.6e-003 5.0e-001  5.7e-002  9.1e-001    1.7 9.4e+004 1.8e+002 1.0e+000
z[73]           1.0e+000 1.5e-003 4.7e-001  2.2e-001  1.0e+000    1.8 9.9e+004 1.9e+002 1.0e+000
z[74]           7.8e-001 1.2e-003 3.5e-001  1.8e-001  7.9e-001    1.3 8.7e+004 1.7e+002 1.0e+000
z[75]           1.1e+000 1.5e-003 4.8e-001  2.9e-001  1.0e+000    1.9 9.7e+004 1.9e+002 1.0e+000
z[76]           8.8e-001 1.6e-003 4.8e-001  6.4e-002  8.9e-001    1.6 9.2e+004 1.8e+002 1.0e+000
z[77]           1.0e+000 1.6e-003 5.0e-001  1.9e-001  1.0e+000    1.8 9.4e+004 1.8e+002 1.0e+000
z[78]           1.7e+000 1.6e-003 4.2e-001  1.0e+000  1.7e+000    2.4 6.5e+004 1.2e+002 1.0e+000
z[79]           7.7e-001 1.3e-003 3.6e-001  1.6e-001  7.8e-001    1.3 8.1e+004 1.5e+002 1.0e+000
z[80]           1.1e+000 1.6e-003 5.0e-001  2.7e-001  1.0e+000    1.9 9.8e+004 1.9e+002 1.0e+000
z[81]           9.2e-001 1.6e-003 4.9e-001  9.8e-002  9.3e-001    1.7 9.5e+004 1.8e+002 1.0e+000
z[82]           1.1e+000 1.5e-003 4.8e-001  3.4e-001  1.1e+000    1.9 9.6e+004 1.8e+002 1.0e+000
z[83]           1.1e+000 1.1e-003 3.5e-001  5.7e-001  1.1e+000    1.7 9.6e+004 1.8e+002 1.0e+000
z[84]           9.9e-001 1.6e-003 4.9e-001  2.1e-001  9.8e-001    1.8 1.0e+005 1.9e+002 1.0e+000
z[85]           8.0e-001 1.6e-003 4.9e-001 -2.9e-002  8.2e-001    1.6 9.9e+004 1.9e+002 1.0e+000
z[86]           8.7e-001 1.5e-003 4.9e-001  6.0e-002  8.7e-001    1.7 1.0e+005 1.9e+002 1.0e+000
z[87]           1.2e+000 1.3e-003 3.7e-001  6.0e-001  1.2e+000    1.8 8.2e+004 1.6e+002 1.0e+000
z[88]           4.7e-001 1.2e-003 3.6e-001 -1.6e-001  4.8e-001    1.0 8.6e+004 1.6e+002 1.0e+000
z[89]           4.7e-001 1.6e-003 5.1e-001 -4.2e-001  5.1e-001    1.2 9.4e+004 1.8e+002 1.0e+000
z[90]           4.7e-001 1.7e-003 5.0e-001 -4.2e-001  5.1e-001    1.2 9.3e+004 1.8e+002 1.0e+000
z[91]           3.6e-001 1.7e-003 5.2e-001 -5.7e-001  4.0e-001    1.1 8.9e+004 1.7e+002 1.0e+000
z[92]           5.6e-001 1.2e-003 3.6e-001 -4.5e-002  5.7e-001    1.1 9.6e+004 1.8e+002 1.0e+000
z[93]           6.3e-001 1.1e-003 3.5e-001  4.5e-002  6.4e-001    1.2 9.5e+004 1.8e+002 1.0e+000
z[94]           9.0e-001 1.6e-003 4.9e-001  1.2e-001  8.8e-001    1.7 9.2e+004 1.8e+002 1.0e+000
z[95]           7.1e-001 1.6e-003 4.9e-001 -1.0e-001  7.2e-001    1.5 9.7e+004 1.9e+002 1.0e+000
z[96]           7.5e-001 1.6e-003 5.1e-001 -9.2e-002  7.6e-001    1.6 9.7e+004 1.9e+002 1.0e+000
z[97]           7.2e-001 1.2e-003 3.6e-001  1.2e-001  7.2e-001    1.3 9.6e+004 1.8e+002 1.0e+000
z[98]           8.1e-001 1.6e-003 5.0e-001 -3.0e-003  8.1e-001    1.6 9.3e+004 1.8e+002 1.0e+000
z[99]           7.6e-001 1.7e-003 5.3e-001 -1.1e-001  7.6e-001    1.6 9.9e+004 1.9e+002 1.0e+000
z[100]          7.4e-001 1.7e-003 5.3e-001 -1.4e-001  7.5e-001    1.6 9.9e+004 1.9e+002 1.0e+000

Samples were drawn using hmc with nuts.
For each parameter, N_Eff is a crude measure of effective sample size,
and R_hat is the potential scale reduction factor on split chains (at 
convergence, R_hat=1).

